6.365518 0.51 
6.292271 0.5 
10.267434 0.69 
4.887187 0.34 
7.268867 0.32 
7.451993 0.58 
5.834233 0.56 
5.959166 0.69 
7.411667 0.56 
7.632232 0.54 
2.93197 0.81 
5.865746 0.74 
6.962533 0.4 
11.385376 0.49 
5.931577 0.46 
0.703062 0.68 
3.333847 0.32 
5.029575 0.83 
4.504989 0.38 
10.087484 0.37 
10.843357 0.47 
8.488061 0.73 
9.169335 0.72 
4.891136 0.4 
8.8668 0.77 
7.477865 0.36 
10.872733 0.75 
6.837705 0.55 
7.687176 0.59 
5.633927 0.57 
11.412071 0.88 
9.945977 0.39 
5.135747 0.85 
11.995619 0.52 
8.017155 0.48 
7.625427 0.78 
1.996084 0.53 
5.863838 0.66 
5.080353 0.79 
5.03126 0.53 
4.680547 0.83 
10.212716 0.76 
6.737561 0.89 
8.643258 0.39 
3.3071 0.71 
8.282476 0.66 
7.336284 0.47 
4.491929 0.49 
7.267539 0.63 
10.148885 0.51 
7.857374 0.69 
8.855482 0.74 
8.744866 0.49 
5.932918 0.8 
8.693283 0.62 
10.101482 0.5 
7.846321 0.4 
4.504355 0.72 
5.658144 0.74 
1.969418 0.96 
9.592028 0.99 
5.016395 0.56 
2.517634 0.49 
3.364085 0.69 
8.512695 0.42 
3.679068 0.65 
7.758561 0.68 
9.402416 0.5 
3.940099 0.54 
1.969048 0.83 
10.760922 0.48 
10.104891 0.52 
6.776064 0.87 
8.284962 0.42 
4.931499 0.45 
7.193648 0.81 
2.853378 0.85 
2.24761 0.81 
5.564577 0.74 
0.43982 0.96 
7.77302 0.49 
10.898117 0.4 
11.229303 0.74 
6.229173 0.88 
9.418301 0.43 
8.42056 0.76 
7.648669 0.89 
8.073853 0.69 
3.40242 0.71 
7.59769 0.92 
3.802199 0.54 
11.048564 0.65 
1.998687 0.62 
8.225331 0.37 
6.57409 0.49 
6.740269 0.86 
6.904447 0.81 
10.376277 0.68 
5.628509 0.47 
9.167745 0.5 
8.329164 0.47 
3.701097 0.86 
5.588238 0.41 
8.394404 0.45 
6.867825 0.78 
6.499666 0.5 
6.088741 0.47 
3.299496 0.32 
8.197293 0.54 
5.660513 0.52 
6.15464 0.82 
7.412308 0.59 
7.717152 0.52 
7.775155 0.46 
4.822003 0.76 
7.847331 0.63 
8.782711 0.65 
11.503008 0.59 
8.941747 0.85 
8.761938 0.58 
6.912863 0.72 
11.012088 0.64 
11.497457 0.61 
4.570678 0.72 
5.537796 0.52 
9.762238 0.62 
6.641842 0.53 
4.810158 0.49 
5.526726 0.86 
6.620085 0.96 
4.119206 0.59 
11.766277 0.48 
4.353311 0.61 
9.666416 0.85 
0.692726 0.75 
2.317348 0.56 
9.540012 0.41 
8.122746 0.58 
3.959961 0.47 
9.685523 0.94 
6.205418 0.46 
7.250684 0.77 
3.181759 0.86 
8.557674 0.63 
10.555126 0.42 
9.814418 0.85 
6.969847 0.87 
8.823364 0.64 
2.397317 0.69 
5.001183 0.68 
7.91519 0.52 
3.646469 0.67 
9.256293 0.71 
5.646029 0.62 
9.980511 0.67 
6.736442 0.73 
7.377262 0.7 
8.103709 0.71 
9.118736 0.67 
5.606223 0.78 
7.264313 0.39 
9.202752 0.8 
8.221718 0.55 
3.167451 0.7 
8.349609 0.7 
6.666405 0.55 
7.778239 0.46 
10.589214 0.35 
6.04478 0.39 
4.003399 0.91 
4.511728 0.88 
7.321373 0.83 
6.341784 0.65 
2.126563 0.59 
5.851179 0.69 
8.246294 0.67 
6.693898 0.64 
10.792484 0.51 
6.64905 0.44 
10.218002 0.45 
5.915984 0.45 
8.310763 0.68 
5.010835 0.35 
6.252569 0.76 
10.682028 0.75 
4.287725 0.51 
8.456254 0.68 
8.11959 0.82 
8.851185 0.58 
9.636588 0.41 
6.651562 0.44 
9.184629 0.45 
4.989191 0.71 
9.258894 0.96 
6.999112 0.81 
7.656077 0.6 
4.269164 0.55 
5.576651 0.75 
5.766486 0.51 
2.131919 0.75 
9.078691 0.33 
7.346277 0.36 
6.720218 0.44 
5.252952 0.83 
7.808956 0.43 
10.946158 0.57 
5.759669 0.88 
8.87288 0.59 
10.757914 0.49 
8.223573 0.46 
10.679284 0.56 
5.136693 0.72 
10.193137 0.77 
6.952804 0.48 
8.571519 0.53 
7.135406 0.48 
5.54441 0.68 
3.176805 0.69 
8.48664 0.41 
11.293331 0.72 
8.182172 0.65 
6.459033 0.58 
9.379013 0.78 
9.231273 0.35 
11.578962 0.95 
8.766518 0.71 
5.213104 0.33 
2.151694 0.34 
10.216121 0.64 
10.417153 0.43 
5.962561 0.34 
4.383773 0.54 
4.584969 0.76 
10.043546 0.41 
6.665602 0.62 
10.922297 0.97 
6.777612 0.71 
6.477981 0.64 
4.375213 0.48 
7.610555 0.84 
10.556507 0.66 
5.221376 0.32 
7.452896 0.61 
9.086852 0.74 
8.183223 0.39 
3.092485 0.66 
4.471768 0.96 
8.586055 0.65 
9.236933 0.74 
9.424099 0.63 
7.69517 0.43 
9.059246 0.41 
4.330033 0.5 
6.476642 0.43 
7.972397 0.67 
9.921597 0.51 
4.309483 0.44 
4.4676 0.51 
6.314108 0.68 
5.511986 0.47 
7.483413 0.33 
7.624944 0.51 
7.65864 0.57 
9.638656 0.57 
2.262443 0.62 
8.481469 0.36 
4.38684 0.75 
4.548992 0.85 
2.751518 0.87 
7.446897 0.61 
2.101938 0.59 
3.22916 0.72 
5.153739 0.42 
10.888831 0.5 
5.476716 0.44 
1.603241 0.72 
7.574444 0.54 
3.805197 0.52 
8.022281 0.49 
7.621932 0.55 
3.284594 0.58 
5.978928 0.7 
2.165726 0.59 
9.24382 0.88 
3.333898 0.67 
5.90303 0.74 
7.019632 0.75 
6.137001 0.8 
5.116609 0.81 
1.428813 0.67 
9.895693 0.35 
7.577969 0.65 
5.818524 0.96 
7.380044 0.47 
9.341257 0.85 
6.351593 0.48 
4.859017 0.6 
7.048629 0.81 
8.761395 0.4 
5.851183 0.45 
7.772031 0.68 
3.976071 0.71 
6.48634 0.45 
9.834908 0.73 
5.413484 0.58 
9.398723 0.71 
4.724129 0.86 
7.90478 0.94 
4.560922 0.46 
8.969319 0.74 
6.279397 0.72 
1.738974 0.79 
8.39661 0.49 
4.637211 0.47 
6.873756 0.91 
8.025893 0.7 
8.119065 0.83 
11.007386 0.97 
6.291928 0.5 
11.004325 0.37 
7.910275 0.45 
3.417763 0.47 
3.640461 0.51 
11.720751 0.7 
6.042067 0.66 
6.953515 0.85 
5.93592 0.47 
10.489536 0.59 
10.427916 0.75 
8.6285 0.33 
9.596195 0.6 
3.420519 0.44 
3.594649 0.53 
3.877453 0.44 
3.925102 0.59 
3.956928 0.96 
8.7696 0.71 
6.780402 0.58 
11.348881 0.72 
7.077662 0.57 
2.483232 0.67 
6.356777 0.78 
11.606929 0.69 
8.632527 0.88 
5.807815 0.59 
8.017287 0.49 
7.312799 0.75 
6.668208 0.32 
7.546041 0.57 
3.100636 0.43 
2.296773 0.53 
2.005182 0.88 
11.378548 0.91 
3.779968 0.7 
8.952018 0.62 
1.619925 0.39 
8.452527 0.84 
4.667161 0.63 
6.648545 0.67 
7.020585 0.72 
8.923803 0.94 
9.975224 0.95 
9.126232 0.79 
6.108002 0.32 
7.393938 0.5 
10.463784 0.7 
8.016474 0.59 
6.885235 0.37 
10.620843 0.52 
9.519513 0.82 
8.626675 0.93 
7.271883 0.64 
9.914249 0.68 
7.183316 0.37 
2.772555 0.59 
8.434687 0.75 
1.124145 0.46 
9.296523 1 
3.744871 0.45 
6.282069 0.92 
7.005629 0.56 
11.986123 0.98 
2.434892 0.71 
5.132036 0.42 
7.208383 0.63 
4.645347 0.72 
9.214946 0.56 
5.632087 0.87 
7.182442 0.67 
2.40757 0.97 
10.411748 0.87 
2.672768 0.39 
7.503298 0.44 
3.986909 1 
8.730618 0.56 
9.564385 0.83 
3.433521 0.64 
8.169334 0.57 
3.555695 0.65 
8.84954 0.58 
9.136888 0.77 
4.876935 0.4 
6.464522 0.74 
11.396372 0.79 
5.097014 0.58 
4.191877 0.74 
7.007634 0.7 
0.146461 0.72 
3.454759 0.54 
4.939262 0.64 
6.485419 0.68 
10.683994 0.38 
9.616713 0.61 
10.783714 0.59 
6.879522 0.6 
0.748097 0.74 
1.54058 0.46 
8.375285 0.37 
5.860436 0.48 
7.74242 0.51 
3.079962 0.78 
6.48203 0.58 
9.117889 0.52 
2.960626 0.72 
6.640866 0.8 
8.808911 0.61 
9.405275 0.55 
5.765523 0.77 
10.947211 0.49 
8.745425 0.58 
7.935653 0.33 
6.173616 0.59 
9.058961 0.59 
7.587947 0.53 
6.221564 0.44 
6.822724 0.67 
5.76433 0.4 
4.53982 0.7 
8.223701 0.44 
10.340895 0.83 
4.227931 0.62 
7.105763 0.5 
7.670669 0.48 
0.786245 0.43 
4.639068 0.52 
3.54568 0.92 
0.543352 0.65 
3.999994 0.76 
9.799751 1 
10.412854 0.46 
6.364722 0.66 
4.831091 0.54 
0.381538 0.8 
6.116998 0.71 
7.215549 0.48 
7.643546 0.51 
6.519285 0.72 
8.683242 1 
9.496377 0.46 
7.175718 0.62 
6.280494 0.65 
7.923911 0.54 
8.294701 0.75 
8.577137 0.62 
6.689768 0.33 
6.981613 0.75 
8.408352 0.76 
5.009708 0.85 
8.062546 0.33 
4.096556 0.8 
5.132976 0.66 
3.36391 0.53 
4.58216 0.41 
8.936168 0.82 
3.928314 0.85 
9.15756 0.46 
4.78867 0.5 
3.417559 0.47 
2.547743 0.43 
6.774765 0.81 
7.917098 0.73 
1.687537 0.53 
8.958361 0.55 
6.68159 0.57 
2.709942 0.59 
9.408613 0.5 
0.05364 0.65 
3.666783 0.87 
6.679415 0.43 
0.473311 0.79 
8.084576 0.4 
3.707486 0.4 
2.875251 0.37 
3.660494 0.65 
7.875853 0.57 
9.357133 0.32 
9.153424 0.79 
5.038835 0.48 
1.923456 0.48 
3.470616 0.7 
10.606223 0.64 
1.180738 1 
8.913968 0.33 
8.86815 0.65 
8.824176 0.56 
3.907085 0.68 
8.765004 0.56 
4.798411 0.9 
9.981851 0.51 
7.235544 0.63 
5.723962 0.5 
9.542153 0.46 
9.0146 0.53 
8.807215 0.51 
6.19861 0.83 
4.949734 0.46 
8.171537 0.58 
1.898174 0.48 
6.294754 0.71 
8.164141 0.68 
6.802602 0.72 
6.626442 0.53 
8.431275 0.59 
8.913048 0.66 
7.70508 0.94 
6.598877 0.36 
10.310953 0.57 
7.459981 0.61 
8.80295 0.97 
5.030209 0.41 
4.902027 0.93 
6.647561 0.72 
6.786851 0.43 
0.949862 0.62 
5.230707 0.78 
6.807361 0.73 
9.759259 0.74 
10.785369 0.57 
6.702131 0.52 
10.763441 0.63 
8.790349 0.77 
9.964926 0.81 
3.736441 0.62 
6.835738 0.62 
1.027959 0.62 
10.344088 0.61 
7.112825 0.42 
10.516271 0.4 
10.163975 0.58 
2.425131 0.94 
5.281271 0.66 
8.0843 0.69 
2.600701 0.49 
6.90693 0.53 
8.511023 0.89 
5.997515 0.77 
4.433981 0.52 
6.556385 0.48 
8.849933 0.81 
6.289338 0.42 
4.630021 0.53 
9.366045 0.44 
6.710927 0.32 
8.784673 0.63 
6.05387 0.73 
9.251307 0.53 
8.686019 0.62 
4.706096 0.33 
9.496149 0.45 
2.86585 0.63 
2.593685 0.54 
5.509332 0.82 
3.923066 0.83 
11.090426 0.68 
6.07928 0.65 
4.107142 0.78 
7.604745 0.57 
6.542497 0.37 
7.013487 0.42 
5.985626 0.39 
5.298019 0.59 
4.78162 0.38 
6.310822 0.36 
5.868555 0.67 
7.202965 0.56 
3.277957 0.6 
7.170722 0.58 
6.980031 0.7 
5.137002 0.67 
7.452133 0.84 
4.736765 0.65 
6.438164 0.64 
10.533203 0.54 
9.023277 0.48 
10.064337 0.66 
4.639654 0.6 
7.314613 0.35 
5.136505 0.5 
3.623082 0.62 
9.144399 0.7 
9.120003 0.35 
4.403275 0.68 
5.072612 0.64 
10.626345 0.96 
5.040741 0.93 
4.467707 0.59 
8.054706 0.57 
4.214809 0.52 
11.073401 0.7 
8.581367 0.79 
9.48224 0.68 
6.281845 0.47 
5.584461 0.53 
3.06782 0.7 
4.947234 0.5 
4.328606 0.71 
8.06532 0.46 
8.480452 0.63 
7.108165 0.83 
5.17787 0.55 
7.211782 0.88 
8.622589 0.51 
1.565245 0.63 
5.053798 0.73 
4.35547 0.77 
3.660044 0.79 
5.646608 0.5 
9.16211 0.48 
10.302056 0.6 
9.210104 0.57 
10.3871 0.63 
8.362375 0.73 
7.249291 0.69 
8.403942 0.63 
2.262012 0.69 
7.240963 0.72 
1.118795 0.69 
7.279719 0.73 
6.550397 0.77 
9.007058 0.75 
2.449988 0.88 
8.030935 0.55 
1.564845 0.41 
9.719885 0.45 
4.331361 0.54 
9.268758 0.79 
4.841496 0.94 
8.743714 0.53 
8.120689 0.47 
7.495728 0.62 
6.279139 0.72 
9.188026 0.64 
1.037178 0.82 
6.73153 0.51 
11.543981 0.87 
5.51434 0.67 
9.025657 0.66 
4.723077 0.75 
8.01505 0.68 
11.005752 0.63 
5.75919 0.76 
6.12623 1 
7.16742 0.88 
4.772046 0.8 
8.793209 0.61 
6.794474 0.72 
7.974179 0.5 
8.992118 0.69 
5.91357 0.61 
8.570552 0.72 
6.902406 0.52 
11.330685 0.5 
7.179814 0.82 
5.426959 0.81 
9.746853 0.57 
7.066551 0.73 
2.828612 0.65 
7.468902 0.69 
4.841146 0.58 
10.558905 0.69 
4.009535 0.99 
11.040507 0.47 
1.09551 0.65 
4.655353 0.39 
11.532953 0.5 
0.282419 0.51 
0.648798 0.69 
3.407068 0.63 
7.578369 0.76 
10.30773 0.4 
2.890116 0.44 
7.053027 0.5 
4.190437 0.4 
3.882268 0.98 
6.288947 0.47 
5.054401 0.47 
8.162713 0.62 
5.31803 0.46 
9.89045 0.32 
8.299187 0.61 
8.917263 0.52 
7.372897 0.73 
5.808281 0.83 
5.339466 0.52 
6.509187 0.62 
7.338147 0.49 
6.232461 0.56 
11.461676 0.38 
7.794326 0.63 
6.47383 0.39 
4.473397 0.5 
7.300575 0.31 
3.894691 0.62 
5.621986 0.43 
7.436537 0.8 
1.910668 0.75 
9.834783 0.62 
7.877461 0.73 
6.193242 0.68 
9.733707 0.38 
9.926792 0.4 
3.410168 0.56 
4.677125 0.54 
3.181773 0.79 
1.950136 0.81 
5.512884 0.46 
7.730236 0.66 
9.385498 0.52 
5.103517 0.72 
7.995136 0.66 
6.710763 0.33 
7.982515 0.64 
6.527472 0.52 
8.93211 0.31 
3.252913 0.67 
11.687806 0.68 
6.445686 0.36 
6.720759 0.55 
8.050933 0.6 
3.812013 0.46 
8.452819 0.69 
3.196239 0.61 
9.352375 0.69 
3.717063 0.64 
8.154725 0.4 
8.185431 0.54 
4.708811 0.61 
10.171459 0.6 
7.669841 0.46 
8.131207 0.32 
6.002902 0.53 
7.739158 0.68 
9.825123 0.58 
10.41927 0.65 
8.961989 0.47 
2.663214 0.57 
5.191658 0.63 
8.091823 0.67 
7.342375 0.39 
8.903023 0.65 
6.571679 0.72 
5.09876 0.81 
5.33538 0.71 
6.456911 0.46 
3.207881 0.63 
5.299346 0.44 
4.354472 0.92 
8.563379 0.47 
8.749962 0.61 
10.003126 0.4 
3.786366 0.48 
7.455409 0.5 
10.303338 0.98 
7.456319 0.64 
5.088745 0.76 
4.032842 0.44 
3.476276 0.5 
11.523712 0.48 
8.744487 0.54 
9.746224 0.52 
9.61768 0.45 
4.915729 0.74 
4.960871 0.77 
4.916223 0.94 
3.347283 0.35 
4.418296 0.64 
7.412739 0.62 
4.207126 0.4 
8.432854 0.6 
9.711424 0.58 
9.694045 0.58 
3.553586 0.5 
8.825654 0.34 
9.640074 0.64 
10.048575 0.67 
6.558215 0.59 
6.017447 0.69 
7.080962 0.51 
5.769905 0.78 
5.046292 0.58 
5.311106 0.81 
10.754505 0.31 
7.54301 0.45 
9.579475 0.45 
10.767979 0.41 
5.418957 0.71 
5.294968 0.42 
3.066733 0.37 
7.033452 0.74 
11.636778 0.66 
8.922014 0.35 
9.030362 0.48 
6.409369 0.76 
6.561454 0.77 
7.389984 0.61 
6.538415 0.81 
8.455825 0.84 
9.8269 0.58 
11.753335 0.61 
5.18914 0.93 
5.662253 0.63 
8.619471 0.71 
9.657783 0.64 
7.257116 0.58 
9.133556 0.71 
7.093262 0.76 
9.651329 0.7 
3.937156 0.71 
8.508021 0.61 
9.611618 0.73 
9.161493 0.53 
10.002788 0.75 
3.395031 0.82 
10.693051 0.41 
8.071527 0.65 
8.111997 0.48 
8.4149 0.57 
9.037564 0.86 
9.985768 0.51 
8.560347 0.51 
8.401727 0.74 
10.458019 0.42 
10.968104 0.67 
1.826171 0.62 
1.797489 0.55 
5.798719 0.39 
1.658107 0.47 
8.808416 0.46 
4.402094 0.63 
3.014283 0.59 
4.367017 0.71 
4.548263 0.72 
11.681585 0.44 
10.159006 0.67 
10.876164 0.53 
8.612578 0.7 
7.363672 0.77 
11.328004 0.75 
4.296068 0.68 
11.902373 0.46 
7.857064 0.78 
7.775621 0.84 
7.615015 0.56 
5.034141 0.65 
3.056299 0.67 
5.894569 0.75 
9.064489 0.55 
9.898549 0.55 
6.808761 0.63 
7.261322 0.55 
6.083732 0.65 
4.297179 0.53 
0.964472 0.38 
9.68365 0.34 
10.702898 0.95 
8.151787 0.45 
7.145976 0.87 
9.113375 0.5 
5.888835 0.32 
10.093741 0.42 
1.961988 0.6 
3.076929 0.51 
0.591088 0.59 
11.067718 0.62 
10.495035 0.63 
8.163601 0.78 
6.660276 0.86 
9.824041 0.45 
9.201178 0.88 
8.365802 0.51 
11.047274 0.39 
7.460654 0.89 
7.160735 0.42 
6.95369 0.86 
4.48281 0.52 
5.853699 0.42 
4.735902 0.48 
1.154447 0.44 
6.174679 0.71 
1.593457 0.62 
5.764669 0.75 
10.593221 0.49 
4.925868 0.54 
11.849423 0.72 
4.327612 0.39 
9.841831 0.55 
7.247273 0.68 
5.386217 0.5 
8.873011 0.82 
6.387136 0.78 
10.976455 0.67 
4.938803 0.75 
0.92656 0.54 
4.368922 0.68 
9.198632 0.53 
8.065381 0.55 
2.018183 0.49 
5.628359 0.94 
5.115718 0.65 
7.233628 0.8 
1.983429 0.57 
8.030994 0.84 
8.504551 0.66 
8.790828 0.71 
9.970536 0.37 
7.379776 0.61 
5.07643 0.35 
7.504884 0.34 
5.23817 0.75 
3.506423 0.46 
6.281827 0.69 
7.575017 0.34 
8.672546 0.92 
11.5601 0.39 
7.210685 0.48 
10.156659 0.53 
3.267678 0.33 
3.362433 0.6 
7.855742 0.65 
7.120327 0.59 
7.162745 0.61 
0.223385 0.73 
3.139161 0.34 
8.010032 0.69 
7.794728 0.63 
3.155681 0.62 
4.369435 0.54 
8.898521 0.49 
1.930726 0.72 
7.242713 0.79 
4.00702 0.35 
11.694861 0.38 
11.909065 0.54 
4.16701 0.73 
7.644929 0.52 
8.300536 0.79 
11.366652 0.52 
5.447384 0.54 
9.669916 0.5 
4.433568 0.78 
11.895882 0.43 
6.511035 0.75 
6.516022 0.6 
3.650787 0.88 
6.417746 0.75 
5.088216 0.67 
6.305212 0.86 
8.894603 0.58 
11.680386 0.68 
7.991633 0.49 
5.540957 0.63 
9.270922 0.34 
9.072794 0.63 
10.00154 0.41 
6.544652 0.55 
4.669099 0.68 
5.775231 0.55 
7.490817 0.53 
4.588854 0.74 
9.133392 0.47 
4.40054 0.33 
9.63425 0.58 
3.313318 0.8 
10.184322 0.62 
6.01808 0.73 
10.402701 0.63 
8.807962 0.48 
8.590599 0.51 
7.967393 0.71 
7.092086 0.53 
4.306491 0.82 
3.417213 0.55 
5.987729 0.6 
1.15319 0.45 
8.702961 0.56 
10.521618 0.43 
2.730268 0.53 
6.174461 0.44 
7.781948 0.57 
7.655134 0.46 
