676.0799895719664 
543.2226464104485 
271.70802270459603 
689.9010563889528 
503.2464018684671 
320.16457338947606 
273.3930321081899 
518.0388857296609 
466.8918506590072 
266.59794427964715 
657.5916507733109 
244.37559032376785 
445.65478006184503 
427.6321220361773 
504.77358045637624 
419.45587743172774 
650.6511293629292 
104.41003457758504 
193.94601524881676 
556.081246873777 
482.7043951750207 
184.7215037069698 
199.71784099383717 
117.8474432708164 
297.33688852590683 
257.1941041992252 
123.50140539812588 
684.2131283466961 
624.9525765935346 
411.1306888639697 
