6.52504 0.36 
6.927005 0.55 
7.968285 0.48 
10.545096 0.33 
10.294255 0.58 
4.618211 0.42 
11.407072 0.57 
9.122493 0.41 
3.465589 0.48 
7.803751 0.81 
5.238632 0.45 
4.645718 0.86 
9.006484 0.61 
8.654093 0.75 
4.911473 0.5 
6.313561 0.65 
5.59716 0.46 
3.021529 0.66 
9.620216 0.5 
4.010837 0.36 
6.777393 0.52 
3.651422 0.44 
3.419742 0.59 
4.01378 0.43 
4.065081 0.38 
7.569063 0.42 
6.485973 0.35 
5.363211 0.68 
11.241753 0.79 
9.089765 0.66 
7.697278 0.58 
7.13924 0.75 
6.861703 0.54 
8.256891 0.57 
4.272329 0.36 
7.808238 0.65 
7.958446 0.73 
7.254029 0.37 
8.181361 0.41 
9.095188 0.61 
4.812826 0.31 
6.915237 0.33 
5.207888 0.54 
5.306762 0.21 
5.749108 0.54 
6.71297 0.5 
7.073649 0.59 
8.886147 0.51 
6.381857 0.51 
8.171186 0.54 
4.955675 0.46 
8.361277 0.43 
6.23922 0.32 
9.82961 0.48 
5.251659 0.53 
6.722921 0.42 
4.733945 0.52 
8.49008 0.71 
6.503316 0.69 
9.279654 0.62 
9.698473 0.76 
5.541782 0.61 
5.905686 0.23 
6.748522 0.83 
3.989847 0.61 
7.463173 0.63 
6.996205 0.24 
7.294625 0.47 
8.966688 0.27 
3.622533 0.52 
3.65791 0.48 
3.354055 0.35 
6.545758 0.36 
7.107609 0.46 
7.522622 0.69 
7.976569 0.43 
5.29111 0.74 
9.090122 0.24 
10.569875 0.57 
3.8812 0.4 
4.82173 0.35 
7.083702 0.67 
7.092906 0.24 
7.958737 0.27 
7.112926 0.48 
10.605389 0.68 
6.707899 0.21 
9.812826 0.49 
8.380446 0.75 
7.782217 0.63 
6.69398 0.81 
9.984325 0.59 
5.215856 0.37 
7.535133 0.33 
5.581082 0.65 
8.076688 0.29 
6.375781 0.55 
10.441399 0.87 
7.615105 0.71 
6.483539 0.79 
9.612507 0.51 
4.651743 0.7 
6.693607 0.56 
3.774357 0.28 
2.192177 0.52 
7.001413 0.66 
5.393984 0.55 
9.379285 0.53 
8.708271 0.5 
7.835909 0.41 
6.294887 0.65 
8.016942 0.68 
7.232334 0.44 
7.346706 0.29 
6.648463 0.48 
7.735353 0.45 
5.578688 0.47 
6.774971 0.98 
8.509132 0.71 
6.277562 0.36 
7.086308 0.72 
9.278903 0.28 
4.462718 0.69 
7.53092 0.32 
8.760813 0.68 
4.212025 0.55 
9.196488 0.52 
8.472354 0.36 
