308 0.89 
596 0.83 
538 0.78 
564 0.84 
261 0.86 
517 0.7 
985 0.74 
519 0.78 
733 0.67 
502 0.83 
559 0.77 
808 0.76 
919 0.83 
317 0.78 
533 0.87 
903 0.79 
988 0.67 
813 0.83 
324 0.85 
590 0.61 
438 0.74 
309 0.83 
486 0.74 
466 0.73 
691 0.71 
869 0.73 
218 0.84 
586 0.88 
501 0.76 
691 0.84 
930 0.83 
718 0.64 
610 0.88 
806 0.66 
272 0.83 
602 0.86 
475 0.82 
710 0.73 
699 0.73 
424 0.64 
704 0.84 
620 0.69 
154 0.81 
750 0.83 
351 0.69 
410 0.76 
651 0.86 
495 0.73 
237 0.71 
821 0.79 
550 0.75 
282 0.81 
389 0.67 
443 0.87 
950 0.79 
440 0.8 
734 0.73 
280 0.78 
940 0.72 
247 0.89 
371 0.9 
935 0.86 
725 0.7 
945 0.83 
577 0.88 
874 0.63 
714 0.87 
384 0.9 
570 0.63 
295 0.73 
570 0.7 
632 0.86 
489 0.79 
163 0.66 
582 0.75 
820 0.81 
714 0.63 
271 0.82 
772 0.81 
528 0.77 
553 0.83 
761 0.83 
252 0.77 
721 0.77 
498 0.89 
767 0.86 
734 0.85 
648 0.77 
880 0.81 
501 0.67 
831 0.75 
366 0.82 
421 0.71 
556 0.84 
358 0.72 
278 0.69 
555 0.67 
647 0.75 
804 0.77 
590 0.73 
566 0.8 
554 0.73 
243 0.67 
432 0.64 
430 0.68 
389 0.81 
746 0.77 
781 0.87 
781 0.61 
873 0.82 
463 0.67 
538 0.64 
394 0.77 
713 0.87 
286 0.75 
115 0.66 
698 0.87 
563 0.86 
182 0.81 
438 0.67 
504 0.71 
793 0.75 
229 0.71 
745 0.81 
210 0.72 
403 0.89 
259 0.79 
749 0.68 
781 0.81 
873 0.72 
402 0.7 
620 0.82 
402 0.72 
277 0.85 
605 0.73 
360 0.65 
645 0.85 
617 0.68 
688 0.83 
628 0.89 
622 0.8 
362 0.73 
711 0.89 
869 0.63 
341 0.85 
653 0.87 
545 0.69 
949 0.88 
390 0.87 
656 0.84 
104 0.78 
203 0.82 
778 0.79 
687 0.68 
626 0.73 
638 0.69 
818 0.84 
643 0.66 
399 0.76 
930 0.7 
635 0.68 
676 0.76 
639 0.86 
590 0.89 
192 0.77 
580 0.82 
499 0.85 
551 0.76 
681 0.86 
380 0.85 
605 0.75 
696 0.89 
514 0.81 
942 0.79 
622 0.82 
526 0.75 
522 0.75 
889 0.65 
974 0.87 
923 0.79 
423 0.66 
336 0.62 
394 0.85 
564 0.61 
773 0.66 
391 0.83 
782 0.8 
885 0.85 
759 0.73 
143 0.88 
537 0.69 
325 0.74 
184 0.66 
190 0.7 
666 0.76 
286 0.8 
890 0.73 
529 0.78 
378 0.8 
314 0.86 
229 0.89 
786 0.85 
301 0.71 
353 0.76 
478 0.7 
550 0.89 
231 0.79 
318 0.81 
714 0.82 
969 0.82 
363 0.81 
707 0.79 
741 0.61 
542 0.83 
471 0.86 
609 0.84 
475 0.77 
506 0.77 
898 0.85 
547 0.67 
354 0.79 
397 0.66 
848 0.79 
320 0.77 
432 0.84 
603 0.75 
950 0.85 
148 0.75 
168 0.7 
337 0.74 
933 0.76 
299 0.73 
663 0.63 
259 0.81 
701 0.69 
693 0.72 
258 0.8 
442 0.8 
693 0.89 
750 0.76 
742 0.65 
439 0.84 
703 0.8 
490 0.82 
358 0.67 
446 0.73 
794 0.86 
195 0.76 
339 0.81 
387 0.81 
631 0.84 
991 0.69 
172 0.83 
640 0.88 
529 0.68 
707 0.76 
424 0.83 
338 0.84 
927 0.78 
529 0.7 
887 0.83 
504 0.71 
603 0.74 
591 0.86 
985 0.88 
464 0.71 
358 0.77 
258 0.87 
192 0.78 
430 0.67 
671 0.84 
703 0.86 
386 0.75 
447 0.68 
461 0.81 
281 0.75 
824 0.72 
696 0.77 
962 0.76 
480 0.83 
624 0.83 
462 0.72 
867 0.72 
406 0.77 
999 0.64 
264 0.76 
433 0.73 
143 0.78 
581 0.8 
796 0.78 
760 0.76 
841 0.86 
848 0.87 
996 0.72 
638 0.62 
990 0.85 
322 0.74 
608 0.9 
676 0.79 
620 0.75 
596 0.87 
301 0.71 
183 0.65 
812 0.69 
640 0.69 
881 0.79 
557 0.79 
657 0.82 
845 0.69 
649 0.89 
272 0.64 
291 0.84 
653 0.79 
242 0.89 
920 0.86 
486 0.86 
977 0.75 
663 0.88 
816 0.72 
324 0.9 
746 0.68 
951 0.72 
509 0.62 
548 0.88 
577 0.65 
895 0.69 
544 0.69 
928 0.76 
479 0.86 
707 0.78 
221 0.7 
880 0.85 
878 0.79 
711 0.9 
143 0.84 
198 0.79 
632 0.79 
875 0.66 
788 0.78 
880 0.75 
873 0.85 
246 0.72 
908 0.87 
379 0.79 
183 0.67 
559 0.72 
873 0.84 
504 0.89 
523 0.65 
336 0.71 
844 0.69 
965 0.71 
463 0.74 
622 0.83 
374 0.84 
913 0.82 
971 0.83 
732 0.87 
789 0.89 
287 0.7 
112 0.86 
304 0.8 
826 0.81 
368 0.71 
975 0.79 
344 0.81 
505 0.81 
222 0.76 
899 0.68 
827 0.68 
308 0.76 
338 0.89 
823 0.72 
684 0.83 
680 0.77 
390 0.72 
724 0.79 
324 0.83 
364 0.81 
420 0.77 
458 0.73 
793 0.72 
498 0.65 
732 0.87 
332 0.82 
837 0.79 
852 0.79 
616 0.84 
779 0.87 
619 0.89 
538 0.65 
502 0.84 
676 0.68 
831 0.85 
507 0.64 
427 0.82 
217 0.87 
757 0.71 
607 0.81 
449 0.68 
444 0.88 
944 0.72 
770 0.77 
286 0.79 
546 0.8 
519 0.74 
519 0.77 
654 0.69 
799 0.66 
607 0.66 
981 0.66 
314 0.68 
494 0.73 
500 0.66 
372 0.76 
264 0.73 
620 0.66 
479 0.82 
392 0.64 
346 0.75 
396 0.87 
682 0.68 
482 0.76 
441 0.86 
791 0.68 
756 0.79 
145 0.81 
559 0.82 
683 0.85 
772 0.68 
184 0.62 
409 0.66 
545 0.77 
475 0.79 
499 0.74 
628 0.76 
648 0.82 
408 0.69 
352 0.7 
969 0.72 
626 0.77 
359 0.72 
709 0.68 
297 0.79 
237 0.7 
400 0.79 
787 0.89 
430 0.77 
622 0.7 
416 0.89 
502 0.67 
282 0.65 
202 0.72 
958 0.8 
554 0.78 
422 0.67 
550 0.74 
961 0.78 
463 0.84 
838 0.8 
320 0.61 
713 0.77 
432 0.81 
754 0.82 
306 0.83 
460 0.69 
614 0.64 
240 0.68 
254 0.79 
508 0.87 
339 0.81 
824 0.8 
694 0.84 
438 0.9 
693 0.69 
478 0.86 
289 0.79 
455 0.66 
221 0.75 
640 0.71 
531 0.89 
477 0.86 
745 0.66 
343 0.75 
273 0.79 
794 0.83 
620 0.78 
342 0.71 
381 0.74 
387 0.8 
666 0.8 
748 0.87 
284 0.73 
724 0.68 
624 0.68 
593 0.81 
784 0.68 
624 0.71 
281 0.7 
134 0.68 
638 0.83 
424 0.63 
480 0.71 
528 0.79 
575 0.85 
318 0.64 
552 0.84 
651 0.89 
767 0.66 
403 0.85 
283 0.74 
779 0.9 
417 0.69 
496 0.75 
401 0.64 
574 0.81 
241 0.65 
778 0.69 
727 0.81 
911 0.72 
853 0.9 
460 0.8 
270 0.83 
843 0.66 
732 0.83 
427 0.7 
330 0.76 
869 0.83 
310 0.82 
908 0.84 
616 0.69 
539 0.62 
726 0.74 
634 0.82 
618 0.82 
724 0.83 
699 0.74 
796 0.63 
806 0.89 
627 0.84 
464 0.71 
602 0.9 
960 0.79 
185 0.89 
868 0.72 
931 0.75 
737 0.85 
353 0.81 
273 0.68 
725 0.67 
317 0.75 
411 0.67 
172 0.84 
357 0.88 
525 0.76 
478 0.75 
809 0.9 
139 0.61 
931 0.74 
201 0.64 
466 0.83 
985 0.7 
752 0.69 
432 0.67 
529 0.86 
748 0.85 
373 0.79 
584 0.88 
221 0.85 
357 0.76 
774 0.71 
818 0.8 
121 0.86 
673 0.87 
789 0.73 
484 0.84 
608 0.66 
619 0.81 
593 0.87 
681 0.84 
377 0.63 
340 0.75 
271 0.81 
192 0.74 
812 0.75 
588 0.86 
363 0.66 
750 0.8 
691 0.8 
474 0.64 
917 0.9 
702 0.84 
712 0.88 
466 0.73 
389 0.89 
395 0.8 
613 0.65 
510 0.74 
339 0.88 
676 0.71 
586 0.88 
418 0.72 
485 0.7 
144 0.78 
592 0.9 
676 0.73 
557 0.79 
682 0.71 
923 0.85 
527 0.68 
718 0.72 
648 0.83 
494 0.76 
226 0.73 
611 0.74 
804 0.62 
223 0.69 
592 0.7 
839 0.85 
620 0.73 
820 0.72 
882 0.77 
623 0.85 
666 0.83 
121 0.75 
883 0.78 
559 0.73 
641 0.82 
981 0.88 
613 0.88 
892 0.8 
509 0.78 
970 0.71 
565 0.89 
681 0.75 
900 0.83 
844 0.86 
832 0.79 
756 0.89 
247 0.79 
604 0.89 
783 0.73 
727 0.83 
544 0.65 
917 0.79 
505 0.87 
678 0.62 
619 0.84 
396 0.76 
860 0.76 
870 0.85 
398 0.74 
790 0.83 
669 0.67 
248 0.62 
707 0.88 
747 0.83 
727 0.79 
664 0.65 
870 0.73 
640 0.8 
590 0.8 
717 0.83 
581 0.74 
599 0.8 
746 0.75 
401 0.81 
643 0.76 
481 0.86 
570 0.74 
889 0.72 
770 0.65 
321 0.89 
853 0.87 
428 0.7 
307 0.69 
665 0.76 
604 0.81 
418 0.85 
767 0.85 
487 0.74 
563 0.85 
652 0.63 
304 0.78 
508 0.9 
652 0.69 
418 0.77 
685 0.83 
774 0.86 
944 0.7 
941 0.86 
452 0.84 
783 0.61 
144 0.9 
195 0.79 
886 0.77 
578 0.63 
615 0.85 
560 0.74 
488 0.73 
824 0.72 
265 0.8 
870 0.9 
767 0.85 
530 0.74 
441 0.76 
545 0.86 
513 0.77 
210 0.8 
702 0.8 
453 0.73 
702 0.83 
597 0.88 
702 0.89 
766 0.63 
385 0.79 
840 0.74 
580 0.67 
467 0.78 
907 0.74 
294 0.72 
648 0.82 
583 0.75 
725 0.72 
269 0.7 
792 0.66 
352 0.85 
670 0.72 
764 0.65 
927 0.65 
461 0.69 
389 0.77 
796 0.8 
863 0.79 
749 0.81 
422 0.78 
924 0.66 
604 0.7 
800 0.79 
343 0.79 
766 0.78 
595 0.78 
379 0.83 
878 0.82 
166 0.83 
807 0.69 
478 0.69 
707 0.67 
419 0.78 
696 0.86 
629 0.68 
605 0.89 
984 0.65 
594 0.88 
331 0.77 
691 0.67 
819 0.79 
442 0.84 
789 0.78 
374 0.86 
662 0.86 
534 0.87 
316 0.77 
514 0.75 
482 0.73 
673 0.9 
709 0.78 
628 0.72 
471 0.86 
896 0.78 
992 0.67 
467 0.79 
597 0.8 
586 0.77 
401 0.64 
799 0.7 
143 0.78 
294 0.88 
321 0.78 
992 0.76 
447 0.72 
638 0.86 
542 0.78 
438 0.9 
563 0.73 
636 0.73 
763 0.84 
798 0.8 
790 0.74 
729 0.65 
268 0.65 
357 0.75 
293 0.7 
684 0.87 
258 0.83 
470 0.88 
568 0.71 
477 0.72 
378 0.67 
299 0.68 
493 0.84 
555 0.67 
506 0.8 
552 0.77 
838 0.66 
365 0.9 
261 0.73 
864 0.71 
827 0.83 
683 0.73 
490 0.76 
526 0.75 
818 0.84 
201 0.9 
716 0.7 
695 0.89 
635 0.75 
329 0.76 
806 0.78 
400 0.85 
242 0.79 
732 0.84 
700 0.85 
778 0.89 
555 0.9 
780 0.89 
972 0.68 
834 0.87 
147 0.83 
150 0.7 
265 0.81 
978 0.73 
392 0.88 
830 0.69 
273 0.82 
726 0.71 
555 0.88 
611 0.88 
814 0.76 
309 0.62 
962 0.74 
538 0.76 
568 0.73 
583 0.83 
570 0.87 
892 0.84 
592 0.72 
447 0.69 
437 0.85 
414 0.73 
458 0.66 
845 0.64 
752 0.77 
619 0.84 
374 0.7 
515 0.88 
440 0.75 
912 0.86 
177 0.77 
242 0.77 
510 0.85 
245 0.73 
271 0.73 
406 0.75 
175 0.87 
235 0.74 
650 0.85 
392 0.83 
415 0.66 
578 0.71 
771 0.77 
154 0.87 
591 0.9 
335 0.86 
291 0.85 
245 0.84 
501 0.72 
188 0.65 
690 0.9 
161 0.9 
296 0.82 
256 0.66 
233 0.67 
699 0.74 
733 0.69 
637 0.86 
199 0.66 
939 0.75 
871 0.67 
747 0.66 
512 0.66 
702 0.64 
584 0.9 
970 0.76 
743 0.61 
631 0.74 
783 0.84 
574 0.78 
684 0.61 
390 0.89 
681 0.83 
974 0.7 
957 0.71 
222 0.82 
566 0.75 
315 0.9 
719 0.78 
293 0.77 
482 0.65 
948 0.79 
929 0.81 
785 0.82 
450 0.86 
206 0.76 
331 0.82 
329 0.8 
680 0.85 
742 0.9 
695 0.76 
389 0.71 
774 0.71 
788 0.69 
354 0.74 
662 0.71 
559 0.79 
384 0.83 
720 0.8 
846 0.79 
931 0.74 
235 0.68 
621 0.66 
467 0.76 
301 0.73 
634 0.71 
709 0.85 
941 0.77 
571 0.87 
365 0.74 
704 0.69 
608 0.9 
655 0.87 
747 0.86 
864 0.8 
473 0.78 
547 0.84 
154 0.64 
865 0.81 
501 0.64 
302 0.83 
467 0.76 
863 0.64 
226 0.77 
652 0.65 
783 0.73 
392 0.64 
429 0.72 
709 0.69 
554 0.77 
584 0.83 
737 0.63 
857 0.63 
224 0.83 
674 0.73 
335 0.88 
743 0.82 
769 0.78 
288 0.72 
659 0.64 
547 0.69 
730 0.87 
383 0.73 
703 0.8 
526 0.62 
975 0.77 
385 0.79 
861 0.76 
682 0.8 
882 0.83 
265 0.69 
654 0.76 
452 0.71 
579 0.9 
203 0.73 
396 0.88 
933 0.62 
308 0.68 
393 0.65 
444 0.63 
709 0.75 
297 0.82 
447 0.88 
564 0.66 
618 0.73 
237 0.69 
738 0.85 
190 0.79 
409 0.79 
168 0.79 
812 0.66 
474 0.64 
828 0.87 
681 0.75 
831 0.8 
570 0.61 
498 0.84 
700 0.63 
608 0.86 
782 0.87 
281 0.9 
496 0.79 
426 0.82 
195 0.72 
258 0.8 
808 0.69 
658 0.79 
888 0.87 
517 0.78 
509 0.74 
365 0.81 
866 0.77 
302 0.73 
151 0.7 
766 0.81 
812 0.85 
