944 0.88 
602 0.8 
644 0.73 
870 0.9 
861 0.69 
208 0.62 
121 0.65 
667 0.79 
661 0.75 
467 0.8 
483 0.79 
424 0.86 
528 0.63 
759 0.68 
413 0.89 
273 0.86 
217 0.72 
313 0.7 
441 0.79 
217 0.81 
261 0.74 
623 0.73 
434 0.83 
265 0.62 
919 0.76 
395 0.76 
632 0.8 
281 0.69 
842 0.79 
400 0.75 
453 0.87 
435 0.73 
516 0.89 
658 0.65 
453 0.63 
939 0.79 
483 0.73 
509 0.74 
340 0.73 
918 0.7 
471 0.79 
584 0.83 
525 0.89 
758 0.89 
572 0.62 
477 0.68 
648 0.73 
173 0.8 
860 0.65 
854 0.84 
404 0.73 
484 0.66 
883 0.74 
909 0.61 
173 0.89 
805 0.75 
687 0.89 
908 0.83 
834 0.72 
596 0.8 
665 0.72 
458 0.61 
584 0.89 
591 0.83 
608 0.89 
491 0.63 
635 0.74 
681 0.76 
773 0.8 
209 0.72 
693 0.89 
575 0.66 
610 0.73 
639 0.78 
214 0.83 
558 0.89 
575 0.65 
395 0.82 
609 0.86 
534 0.65 
196 0.64 
367 0.64 
457 0.64 
719 0.83 
514 0.9 
515 0.86 
262 0.89 
821 0.71 
665 0.7 
915 0.88 
805 0.84 
1000 0.86 
720 0.71 
775 0.83 
967 0.81 
353 0.7 
168 0.78 
430 0.67 
336 0.64 
736 0.62 
535 0.64 
600 0.86 
456 0.74 
213 0.86 
440 0.89 
407 0.67 
369 0.77 
730 0.8 
714 0.71 
819 0.77 
754 0.74 
713 0.74 
934 0.77 
883 0.87 
332 0.88 
930 0.86 
572 0.69 
962 0.9 
527 0.74 
665 0.82 
914 0.8 
650 0.82 
424 0.81 
447 0.73 
623 0.9 
862 0.77 
435 0.81 
249 0.86 
385 0.71 
531 0.85 
571 0.77 
888 0.72 
523 0.85 
441 0.84 
393 0.75 
687 0.66 
341 0.75 
599 0.72 
826 0.89 
313 0.71 
908 0.81 
182 0.73 
453 0.74 
813 0.65 
913 0.78 
211 0.67 
777 0.78 
321 0.76 
488 0.61 
347 0.78 
545 0.84 
814 0.74 
722 0.9 
596 0.77 
786 0.71 
696 0.84 
495 0.77 
724 0.67 
534 0.77 
885 0.74 
609 0.77 
563 0.61 
775 0.88 
736 0.86 
610 0.86 
460 0.82 
693 0.78 
363 0.89 
276 0.78 
868 0.87 
760 0.83 
247 0.79 
289 0.81 
459 0.69 
145 0.68 
464 0.72 
605 0.83 
827 0.8 
994 0.73 
925 0.77 
387 0.82 
260 0.79 
515 0.67 
529 0.68 
278 0.87 
726 0.87 
604 0.72 
621 0.73 
686 0.85 
144 0.81 
609 0.76 
597 0.68 
781 0.76 
760 0.78 
204 0.74 
431 0.85 
457 0.76 
862 0.9 
463 0.61 
359 0.77 
281 0.71 
801 0.66 
439 0.8 
842 0.71 
654 0.81 
779 0.83 
584 0.8 
107 0.9 
827 0.8 
674 0.65 
833 0.83 
564 0.79 
391 0.9 
456 0.68 
855 0.7 
306 0.62 
766 0.88 
384 0.81 
494 0.73 
679 0.71 
254 0.68 
729 0.81 
287 0.88 
341 0.62 
628 0.61 
540 0.76 
624 0.73 
654 0.83 
718 0.73 
608 0.81 
174 0.75 
521 0.74 
694 0.86 
722 0.82 
857 0.88 
817 0.65 
900 0.71 
827 0.73 
663 0.63 
657 0.88 
977 0.82 
418 0.61 
412 0.79 
368 0.83 
274 0.62 
321 0.88 
263 0.74 
404 0.84 
163 0.8 
307 0.81 
106 0.78 
574 0.76 
149 0.84 
497 0.71 
419 0.66 
739 0.88 
530 0.79 
474 0.71 
633 0.85 
728 0.72 
675 0.82 
668 0.81 
478 0.84 
395 0.82 
659 0.73 
638 0.8 
927 0.63 
697 0.83 
527 0.85 
114 0.77 
791 0.62 
809 0.89 
741 0.74 
812 0.61 
688 0.78 
723 0.7 
567 0.74 
553 0.7 
661 0.72 
976 0.84 
971 0.78 
204 0.89 
530 0.77 
440 0.63 
754 0.77 
730 0.73 
907 0.79 
554 0.69 
224 0.67 
836 0.8 
753 0.83 
639 0.71 
251 0.73 
333 0.77 
137 0.66 
957 0.7 
865 0.78 
606 0.76 
224 0.66 
376 0.86 
476 0.85 
502 0.71 
229 0.65 
253 0.7 
200 0.84 
870 0.88 
918 0.62 
419 0.62 
695 0.65 
610 0.81 
473 0.71 
421 0.79 
639 0.82 
454 0.72 
837 0.72 
621 0.87 
588 0.78 
742 0.8 
985 0.61 
439 0.81 
937 0.64 
976 0.87 
851 0.63 
735 0.72 
232 0.71 
743 0.76 
476 0.8 
307 0.66 
411 0.81 
848 0.76 
588 0.69 
479 0.89 
316 0.72 
506 0.8 
368 0.69 
292 0.89 
617 0.71 
377 0.68 
745 0.64 
118 0.84 
188 0.82 
935 0.75 
574 0.76 
644 0.69 
289 0.61 
526 0.71 
569 0.88 
126 0.87 
593 0.86 
304 0.88 
683 0.77 
763 0.78 
971 0.67 
577 0.87 
605 0.89 
902 0.89 
547 0.78 
874 0.8 
598 0.83 
777 0.66 
128 0.78 
290 0.7 
496 0.74 
374 0.82 
627 0.84 
391 0.74 
607 0.82 
476 0.66 
360 0.81 
813 0.61 
988 0.7 
534 0.71 
634 0.62 
444 0.69 
784 0.64 
748 0.88 
321 0.86 
597 0.73 
112 0.88 
743 0.85 
720 0.78 
803 0.62 
568 0.76 
865 0.72 
750 0.73 
597 0.8 
446 0.88 
564 0.62 
435 0.62 
345 0.8 
451 0.82 
622 0.69 
637 0.87 
354 0.67 
605 0.76 
682 0.84 
672 0.81 
598 0.67 
632 0.78 
148 0.8 
631 0.79 
853 0.7 
269 0.67 
405 0.85 
808 0.73 
687 0.61 
475 0.83 
907 0.89 
724 0.67 
863 0.89 
110 0.64 
489 0.7 
858 0.62 
564 0.77 
575 0.68 
996 0.85 
306 0.73 
512 0.88 
748 0.75 
455 0.77 
686 0.7 
289 0.89 
323 0.85 
656 0.61 
425 0.77 
456 0.75 
948 0.69 
382 0.67 
450 0.83 
201 0.68 
627 0.67 
446 0.9 
179 0.62 
662 0.82 
370 0.65 
560 0.69 
403 0.61 
444 0.82 
315 0.84 
725 0.77 
280 0.62 
601 0.69 
385 0.78 
501 0.9 
886 0.77 
549 0.67 
573 0.77 
439 0.66 
431 0.75 
389 0.71 
411 0.83 
267 0.87 
337 0.68 
311 0.71 
463 0.67 
261 0.7 
255 0.77 
436 0.87 
498 0.88 
689 0.73 
283 0.61 
250 0.67 
520 0.64 
831 0.86 
438 0.82 
845 0.87 
633 0.87 
813 0.85 
334 0.69 
334 0.78 
582 0.63 
136 0.77 
512 0.75 
713 0.79 
258 0.86 
879 0.7 
488 0.73 
707 0.75 
262 0.86 
286 0.62 
966 0.67 
942 0.83 
248 0.64 
610 0.69 
739 0.64 
365 0.69 
596 0.63 
761 0.8 
997 0.83 
234 0.72 
776 0.82 
652 0.68 
344 0.87 
421 0.7 
687 0.7 
796 0.78 
435 0.71 
509 0.8 
828 0.8 
794 0.84 
688 0.64 
691 0.69 
892 0.81 
900 0.71 
688 0.61 
337 0.68 
254 0.84 
528 0.8 
670 0.88 
515 0.73 
585 0.8 
311 0.64 
583 0.7 
545 0.7 
728 0.87 
521 0.76 
107 0.71 
856 0.65 
469 0.71 
590 0.81 
173 0.75 
596 0.74 
418 0.87 
783 0.72 
505 0.78 
358 0.65 
612 0.86 
721 0.89 
813 0.77 
701 0.89 
240 0.78 
705 0.7 
392 0.64 
813 0.7 
223 0.73 
763 0.84 
590 0.64 
344 0.7 
608 0.66 
464 0.88 
781 0.78 
731 0.89 
252 0.7 
717 0.61 
387 0.78 
597 0.89 
750 0.81 
467 0.75 
599 0.76 
665 0.83 
202 0.81 
732 0.71 
302 0.86 
708 0.72 
441 0.72 
686 0.66 
865 0.64 
298 0.65 
870 0.68 
710 0.75 
374 0.67 
665 0.77 
848 0.68 
622 0.87 
825 0.82 
683 0.79 
544 0.63 
994 0.87 
395 0.61 
369 0.74 
505 0.73 
208 0.72 
653 0.74 
220 0.86 
929 0.79 
891 0.88 
318 0.72 
454 0.62 
841 0.68 
317 0.79 
809 0.75 
473 0.77 
353 0.61 
997 0.72 
528 0.83 
213 0.74 
329 0.76 
912 0.87 
368 0.72 
632 0.74 
486 0.88 
891 0.69 
574 0.68 
550 0.72 
907 0.7 
835 0.68 
973 0.79 
355 0.75 
790 0.75 
124 0.8 
729 0.85 
756 0.84 
918 0.85 
736 0.75 
645 0.87 
843 0.86 
663 0.84 
901 0.68 
507 0.76 
382 0.88 
866 0.82 
617 0.77 
551 0.76 
559 0.64 
914 0.78 
412 0.77 
788 0.75 
842 0.63 
294 0.75 
282 0.85 
392 0.65 
910 0.9 
396 0.82 
749 0.76 
512 0.77 
743 0.86 
615 0.73 
898 0.83 
170 0.76 
711 0.89 
837 0.7 
749 0.87 
886 0.72 
651 0.87 
540 0.73 
649 0.9 
411 0.85 
843 0.67 
361 0.87 
593 0.63 
753 0.67 
548 0.67 
663 0.84 
287 0.72 
791 0.88 
837 0.8 
970 0.74 
733 0.69 
907 0.89 
973 0.69 
704 0.81 
360 0.72 
284 0.61 
480 0.68 
707 0.82 
114 0.72 
398 0.87 
312 0.68 
458 0.73 
819 0.84 
450 0.88 
894 0.78 
778 0.85 
433 0.67 
320 0.81 
607 0.77 
562 0.88 
777 0.85 
447 0.84 
675 0.62 
920 0.75 
764 0.76 
500 0.74 
147 0.78 
739 0.83 
837 0.66 
732 0.83 
981 0.64 
450 0.9 
277 0.75 
785 0.67 
633 0.81 
511 0.62 
530 0.69 
564 0.8 
423 0.64 
433 0.72 
779 0.84 
315 0.79 
859 0.79 
744 0.84 
197 0.87 
893 0.81 
865 0.84 
489 0.77 
230 0.85 
358 0.78 
608 0.89 
913 0.75 
792 0.84 
579 0.74 
813 0.67 
589 0.76 
598 0.77 
631 0.89 
597 0.9 
205 0.7 
274 0.73 
712 0.76 
965 0.66 
898 0.68 
588 0.72 
344 0.74 
745 0.87 
377 0.78 
706 0.8 
548 0.7 
672 0.81 
895 0.76 
730 0.81 
351 0.9 
836 0.67 
307 0.68 
699 0.74 
604 0.86 
911 0.89 
131 0.74 
673 0.79 
133 0.76 
678 0.64 
678 0.74 
551 0.79 
495 0.8 
517 0.76 
280 0.61 
419 0.67 
767 0.83 
567 0.76 
336 0.88 
506 0.72 
690 0.78 
662 0.81 
590 0.66 
329 0.86 
299 0.77 
737 0.7 
537 0.87 
615 0.69 
764 0.71 
989 0.75 
457 0.88 
395 0.88 
571 0.84 
902 0.68 
105 0.76 
598 0.88 
869 0.8 
768 0.76 
421 0.89 
391 0.8 
671 0.65 
764 0.83 
812 0.8 
643 0.81 
383 0.84 
509 0.83 
853 0.87 
493 0.83 
270 0.63 
542 0.66 
289 0.65 
342 0.69 
716 0.81 
414 0.88 
243 0.67 
774 0.77 
612 0.84 
489 0.85 
411 0.74 
474 0.76 
857 0.83 
483 0.69 
438 0.72 
443 0.68 
349 0.77 
224 0.84 
488 0.79 
647 0.84 
668 0.78 
525 0.79 
425 0.73 
277 0.69 
572 0.67 
480 0.61 
392 0.87 
446 0.62 
447 0.76 
573 0.89 
633 0.75 
433 0.79 
790 0.81 
431 0.69 
789 0.79 
177 0.65 
771 0.79 
871 0.74 
718 0.79 
636 0.62 
539 0.84 
409 0.67 
872 0.7 
849 0.79 
607 0.77 
613 0.83 
884 0.79 
670 0.81 
620 0.63 
572 0.72 
374 0.86 
661 0.79 
428 0.78 
343 0.71 
896 0.8 
395 0.85 
353 0.87 
534 0.69 
535 0.74 
879 0.76 
478 0.63 
957 0.69 
620 0.85 
185 0.74 
461 0.66 
275 0.73 
312 0.61 
347 0.76 
212 0.76 
461 0.86 
666 0.81 
544 0.64 
943 0.77 
556 0.75 
416 0.82 
568 0.75 
494 0.89 
941 0.84 
994 0.72 
297 0.64 
433 0.87 
710 0.61 
294 0.62 
759 0.86 
827 0.73 
252 0.81 
543 0.67 
779 0.64 
362 0.77 
399 0.76 
130 0.65 
294 0.66 
885 0.89 
511 0.89 
523 0.88 
608 0.86 
306 0.75 
578 0.79 
108 0.75 
149 0.86 
786 0.89 
624 0.82 
962 0.75 
564 0.84 
605 0.78 
852 0.86 
740 0.81 
686 0.72 
660 0.77 
698 0.85 
750 0.71 
621 0.65 
742 0.78 
263 0.84 
511 0.86 
883 0.83 
253 0.73 
992 0.62 
854 0.78 
597 0.68 
645 0.87 
437 0.62 
717 0.77 
768 0.78 
765 0.87 
488 0.8 
369 0.77 
534 0.89 
588 0.77 
754 0.87 
753 0.76 
376 0.72 
516 0.77 
514 0.7 
825 0.7 
687 0.86 
956 0.75 
571 0.75 
782 0.81 
677 0.64 
688 0.81 
982 0.9 
711 0.72 
487 0.66 
584 0.81 
470 0.82 
706 0.72 
543 0.77 
199 0.84 
718 0.73 
639 0.75 
362 0.7 
780 0.86 
615 0.7 
919 0.9 
605 0.84 
311 0.77 
227 0.87 
344 0.7 
272 0.7 
370 0.9 
318 0.72 
889 0.66 
928 0.89 
794 0.83 
326 0.9 
997 0.76 
246 0.78 
108 0.81 
232 0.66 
793 0.86 
607 0.81 
222 0.76 
854 0.88 
984 0.87 
826 0.85 
361 0.81 
499 0.61 
963 0.72 
246 0.71 
777 0.7 
576 0.78 
504 0.75 
511 0.78 
678 0.72 
490 0.84 
419 0.66 
558 0.87 
558 0.72 
674 0.67 
330 0.74 
511 0.73 
706 0.7 
156 0.62 
760 0.72 
362 0.63 
361 0.61 
265 0.65 
547 0.8 
862 0.74 
648 0.85 
132 0.67 
960 0.67 
320 0.71 
655 0.88 
632 0.62 
506 0.74 
937 0.63 
290 0.88 
441 0.7 
463 0.71 
692 0.7 
666 0.78 
882 0.8 
525 0.78 
867 0.85 
697 0.62 
587 0.61 
761 0.74 
882 0.72 
638 0.83 
901 0.75 
440 0.71 
345 0.82 
918 0.85 
152 0.68 
826 0.64 
720 0.86 
131 0.75 
797 0.69 
726 0.64 
700 0.85 
835 0.8 
748 0.84 
245 0.84 
830 0.68 
300 0.76 
981 0.7 
554 0.89 
892 0.89 
243 0.69 
246 0.82 
442 0.63 
852 0.69 
733 0.72 
947 0.7 
479 0.88 
947 0.79 
610 0.9 
955 0.88 
893 0.85 
366 0.62 
691 0.86 
805 0.77 
633 0.76 
104 0.75 
693 0.89 
408 0.71 
623 0.85 
294 0.79 
152 0.74 
361 0.75 
446 0.82 
463 0.82 
549 0.72 
625 0.65 
503 0.74 
738 0.83 
361 0.72 
888 0.66 
717 0.83 
637 0.76 
508 0.7 
361 0.71 
583 0.66 
421 0.76 
274 0.73 
840 0.77 
264 0.78 
677 0.84 
372 0.75 
813 0.77 
703 0.77 
511 0.8 
711 0.76 
665 0.67 
397 0.82 
352 0.85 
557 0.83 
420 0.69 
438 0.75 
402 0.8 
360 0.73 
890 0.87 
518 0.8 
632 0.89 
290 0.74 
978 0.7 
877 0.67 
255 0.74 
965 0.77 
212 0.77 
748 0.81 
901 0.86 
642 0.7 
537 0.85 
552 0.76 
358 0.79 
655 0.88 
877 0.72 
785 0.79 
269 0.71 
977 0.82 
738 0.75 
368 0.71 
621 0.69 
373 0.81 
659 0.86 
282 0.71 
211 0.88 
202 0.75 
810 0.66 
580 0.76 
189 0.81 
180 0.75 
261 0.7 
219 0.87 
254 0.79 
923 0.72 
454 0.69 
850 0.68 
909 0.62 
321 0.81 
428 0.62 
868 0.68 
504 0.82 
770 0.86 
761 0.7 
647 0.86 
421 0.8 
283 0.66 
444 0.89 
609 0.65 
545 0.66 
716 0.76 
601 0.9 
972 0.78 
687 0.74 
390 0.7 
975 0.73 
677 0.78 
371 0.79 
686 0.81 
444 0.77 
898 0.75 
903 0.67 
548 0.76 
251 0.64 
476 0.65 
478 0.81 
646 0.8 
755 0.63 
239 0.75 
905 0.73 
428 0.78 
790 0.76 
451 0.79 
262 0.73 
617 0.79 
756 0.9 
959 0.85 
277 0.62 
848 0.66 
480 0.66 
577 0.63 
339 0.8 
261 0.85 
496 0.87 
569 0.82 
207 0.63 
470 0.8 
234 0.81 
293 0.76 
545 0.8 
125 0.72 
566 0.8 
583 0.85 
875 0.88 
917 0.89 
700 0.9 
714 0.65 
480 0.73 
208 0.71 
852 0.86 
546 0.73 
509 0.76 
654 0.66 
404 0.78 
586 0.71 
704 0.76 
387 0.74 
327 0.78 
605 0.74 
837 0.86 
657 0.84 
361 0.86 
562 0.85 
407 0.63 
601 0.79 
619 0.62 
558 0.71 
489 0.83 
460 0.75 
673 0.68 
204 0.87 
681 0.72 
876 0.88 
518 0.74 
717 0.72 
770 0.73 
770 0.78 
786 0.84 
420 0.83 
606 0.7 
367 0.73 
328 0.83 
926 0.65 
971 0.81 
1000 0.68 
967 0.85 
779 0.65 
261 0.84 
694 0.68 
878 0.86 
768 0.75 
792 0.75 
256 0.81 
638 0.77 
121 0.84 
544 0.64 
443 0.89 
693 0.71 
864 0.64 
751 0.76 
460 0.61 
929 0.86 
770 0.63 
165 0.88 
587 0.89 
798 0.81 
284 0.62 
724 0.62 
590 0.7 
883 0.77 
806 0.85 
800 0.84 
635 0.65 
691 0.85 
811 0.81 
291 0.64 
764 0.75 
436 0.86 
823 0.67 
325 0.9 
487 0.86 
562 0.8 
539 0.82 
797 0.86 
409 0.71 
442 0.84 
741 0.81 
129 0.9 
236 0.69 
699 0.79 
828 0.9 
255 0.8 
725 0.61 
761 0.88 
759 0.63 
268 0.85 
615 0.72 
854 0.9 
457 0.7 
782 0.9 
777 0.71 
465 0.68 
244 0.87 
709 0.69 
503 0.83 
491 0.81 
542 0.84 
291 0.87 
764 0.8 
247 0.72 
321 0.72 
268 0.87 
524 0.78 
426 0.8 
483 0.61 
320 0.79 
598 0.78 
373 0.66 
802 0.88 
531 0.84 
464 0.84 
375 0.9 
372 0.87 
658 0.88 
674 0.81 
435 0.9 
788 0.7 
666 0.64 
569 0.73 
417 0.82 
391 0.76 
859 0.7 
596 0.62 
344 0.8 
828 0.87 
220 0.81 
669 0.69 
382 0.78 
104 0.79 
293 0.73 
715 0.79 
683 0.62 
478 0.71 
585 0.84 
761 0.61 
144 0.88 
757 0.83 
604 0.76 
366 0.85 
192 0.87 
637 0.8 
582 0.8 
261 0.89 
591 0.67 
540 0.86 
105 0.77 
368 0.77 
960 0.81 
347 0.75 
524 0.83 
523 0.74 
762 0.77 
439 0.82 
988 0.9 
663 0.61 
698 0.81 
796 0.9 
460 0.73 
769 0.82 
696 0.89 
475 0.77 
729 0.83 
823 0.71 
749 0.84 
329 0.81 
458 0.73 
274 0.88 
433 0.81 
420 0.69 
858 0.84 
118 0.75 
640 0.79 
708 0.67 
152 0.64 
245 0.81 
320 0.89 
783 0.84 
445 0.68 
220 0.64 
797 0.87 
664 0.63 
650 0.63 
116 0.74 
836 0.83 
340 0.84 
428 0.84 
428 0.77 
352 0.89 
449 0.72 
526 0.69 
457 0.8 
778 0.7 
465 0.84 
207 0.7 
500 0.82 
871 0.7 
622 0.8 
929 0.81 
845 0.64 
573 0.67 
282 0.7 
602 0.61 
625 0.89 
897 0.74 
609 0.78 
860 0.89 
230 0.85 
165 0.85 
795 0.8 
553 0.79 
401 0.78 
590 0.78 
596 0.64 
991 0.79 
118 0.61 
554 0.86 
359 0.83 
187 0.75 
596 0.77 
697 0.76 
271 0.8 
475 0.9 
429 0.85 
224 0.85 
251 0.68 
899 0.86 
815 0.78 
595 0.69 
254 0.75 
672 0.68 
871 0.7 
444 0.69 
752 0.81 
664 0.61 
150 0.87 
530 0.74 
114 0.62 
322 0.86 
810 0.83 
696 0.67 
405 0.64 
286 0.77 
660 0.71 
441 0.89 
371 0.89 
418 0.61 
743 0.74 
271 0.79 
928 0.77 
713 0.72 
746 0.87 
253 0.79 
375 0.89 
397 0.8 
527 0.63 
944 0.72 
443 0.78 
624 0.87 
565 0.74 
834 0.83 
307 0.64 
370 0.83 
446 0.71 
602 0.67 
201 0.62 
401 0.79 
710 0.86 
546 0.66 
468 0.72 
596 0.83 
812 0.81 
817 0.7 
805 0.83 
789 0.8 
689 0.82 
591 0.72 
533 0.72 
610 0.78 
865 0.89 
846 0.84 
435 0.82 
624 0.9 
532 0.77 
256 0.84 
343 0.89 
525 0.86 
415 0.74 
731 0.9 
638 0.71 
795 0.86 
618 0.68 
898 0.9 
456 0.76 
764 0.73 
625 0.81 
135 0.83 
425 0.84 
905 0.65 
266 0.67 
496 0.78 
138 0.78 
690 0.71 
608 0.85 
715 0.88 
358 0.78 
749 0.61 
805 0.78 
794 0.75 
306 0.67 
731 0.77 
836 0.77 
788 0.64 
673 0.71 
180 0.73 
899 0.63 
665 0.65 
623 0.7 
478 0.81 
524 0.71 
868 0.7 
478 0.69 
742 0.61 
406 0.88 
716 0.9 
545 0.66 
416 0.84 
311 0.78 
787 0.69 
581 0.64 
665 0.89 
211 0.87 
427 0.72 
850 0.72 
858 0.76 
442 0.79 
373 0.72 
511 0.7 
591 0.85 
123 0.74 
735 0.82 
415 0.7 
930 0.7 
409 0.7 
530 0.74 
418 0.78 
571 0.83 
556 0.87 
462 0.9 
112 0.82 
584 0.74 
498 0.74 
904 0.82 
439 0.67 
994 0.69 
935 0.76 
261 0.66 
580 0.73 
359 0.65 
994 0.81 
695 0.76 
238 0.77 
367 0.66 
560 0.82 
299 0.87 
387 0.76 
364 0.86 
603 0.69 
835 0.7 
981 0.86 
790 0.67 
186 0.78 
291 0.64 
661 0.87 
531 0.71 
581 0.7 
584 0.62 
854 0.88 
854 0.79 
808 0.73 
348 0.84 
744 0.8 
303 0.82 
938 0.72 
553 0.79 
499 0.69 
465 0.68 
558 0.73 
802 0.75 
310 0.86 
608 0.74 
645 0.72 
689 0.89 
235 0.86 
508 0.88 
312 0.8 
763 0.83 
371 0.72 
714 0.75 
250 0.82 
399 0.73 
376 0.74 
579 0.66 
841 0.67 
234 0.85 
351 0.67 
407 0.87 
460 0.79 
615 0.8 
530 0.81 
441 0.78 
797 0.75 
644 0.83 
657 0.78 
913 0.87 
725 0.77 
651 0.84 
577 0.76 
239 0.72 
547 0.77 
584 0.78 
576 0.87 
831 0.76 
507 0.71 
421 0.85 
774 0.68 
564 0.8 
923 0.85 
905 0.85 
185 0.88 
569 0.66 
999 0.83 
462 0.89 
652 0.83 
272 0.9 
329 0.84 
384 0.84 
385 0.72 
309 0.74 
479 0.68 
718 0.71 
766 0.61 
408 0.82 
847 0.84 
797 0.72 
434 0.8 
914 0.86 
676 0.85 
796 0.87 
743 0.64 
222 0.78 
651 0.75 
699 0.88 
783 0.71 
560 0.74 
643 0.87 
235 0.73 
172 0.79 
572 0.74 
270 0.73 
679 0.65 
611 0.63 
429 0.73 
790 0.85 
960 0.85 
359 0.72 
652 0.68 
352 0.87 
557 0.77 
492 0.79 
930 0.86 
558 0.77 
606 0.68 
840 0.68 
263 0.9 
790 0.62 
509 0.8 
155 0.78 
475 0.81 
411 0.65 
576 0.69 
565 0.87 
139 0.89 
287 0.64 
201 0.85 
472 0.63 
758 0.74 
815 0.77 
405 0.71 
289 0.9 
392 0.87 
789 0.83 
523 0.65 
417 0.72 
316 0.73 
478 0.9 
514 0.87 
885 0.87 
364 0.83 
359 0.65 
853 0.66 
768 0.8 
535 0.84 
874 0.87 
595 0.69 
468 0.7 
264 0.75 
536 0.68 
850 0.88 
575 0.66 
794 0.78 
496 0.78 
568 0.85 
584 0.85 
677 0.7 
614 0.78 
386 0.67 
290 0.75 
805 0.84 
808 0.73 
398 0.78 
635 0.68 
744 0.68 
581 0.63 
215 0.85 
653 0.85 
423 0.89 
333 0.77 
825 0.76 
520 0.68 
891 0.78 
289 0.8 
309 0.84 
437 0.74 
297 0.64 
692 0.69 
625 0.84 
401 0.87 
971 0.88 
639 0.7 
270 0.81 
437 0.73 
418 0.8 
676 0.69 
607 0.76 
329 0.79 
602 0.64 
336 0.9 
598 0.83 
650 0.77 
402 0.65 
959 0.67 
542 0.75 
831 0.75 
483 0.65 
805 0.86 
670 0.82 
394 0.7 
767 0.77 
321 0.68 
776 0.72 
353 0.72 
801 0.86 
434 0.67 
664 0.86 
837 0.71 
240 0.87 
404 0.76 
160 0.72 
495 0.67 
699 0.62 
475 0.76 
382 0.79 
493 0.71 
401 0.66 
376 0.88 
339 0.9 
440 0.82 
616 0.72 
325 0.67 
295 0.72 
742 0.81 
631 0.75 
570 0.81 
732 0.7 
712 0.86 
540 0.82 
623 0.71 
714 0.67 
475 0.68 
523 0.73 
258 0.79 
589 0.89 
557 0.8 
869 0.83 
472 0.69 
537 0.9 
511 0.68 
119 0.88 
597 0.78 
211 0.89 
946 0.61 
155 0.63 
360 0.78 
684 0.81 
975 0.81 
593 0.76 
795 0.89 
633 0.76 
472 0.87 
787 0.61 
187 0.76 
640 0.61 
701 0.89 
999 0.86 
618 0.83 
838 0.67 
781 0.65 
620 0.9 
839 0.76 
185 0.79 
440 0.8 
532 0.71 
165 0.67 
206 0.68 
615 0.62 
723 0.78 
691 0.7 
196 0.61 
727 0.68 
408 0.76 
294 0.85 
703 0.88 
764 0.83 
816 0.89 
647 0.71 
848 0.82 
211 0.71 
521 0.84 
129 0.81 
135 0.77 
485 0.84 
659 0.88 
393 0.67 
570 0.9 
420 0.74 
209 0.83 
606 0.82 
843 0.8 
396 0.74 
529 0.83 
943 0.85 
775 0.77 
340 0.76 
348 0.85 
422 0.71 
599 0.73 
645 0.83 
680 0.87 
562 0.78 
472 0.71 
576 0.76 
307 0.89 
526 0.73 
714 0.75 
690 0.71 
645 0.72 
286 0.85 
846 0.65 
291 0.7 
798 0.84 
793 0.63 
342 0.76 
322 0.77 
568 0.87 
416 0.7 
474 0.68 
511 0.79 
779 0.84 
762 0.89 
572 0.77 
868 0.65 
496 0.81 
294 0.78 
353 0.87 
930 0.73 
447 0.9 
241 0.72 
696 0.75 
961 0.66 
969 0.85 
793 0.69 
986 0.75 
282 0.74 
680 0.82 
743 0.75 
358 0.74 
955 0.61 
865 0.66 
833 0.62 
551 0.8 
259 0.73 
584 0.75 
158 0.84 
943 0.84 
368 0.86 
779 0.71 
652 0.65 
488 0.84 
610 0.79 
599 0.75 
608 0.74 
460 0.85 
671 0.68 
579 0.84 
563 0.78 
206 0.73 
715 0.61 
365 0.8 
253 0.8 
124 0.8 
716 0.76 
852 0.72 
797 0.75 
737 0.72 
506 0.63 
559 0.83 
373 0.8 
587 0.88 
948 0.72 
579 0.64 
994 0.7 
537 0.61 
805 0.84 
438 0.73 
539 0.73 
409 0.71 
545 0.88 
589 0.72 
656 0.68 
420 0.8 
212 0.74 
802 0.87 
633 0.66 
209 0.8 
512 0.75 
187 0.75 
427 0.77 
299 0.78 
799 0.65 
424 0.72 
491 0.72 
717 0.75 
322 0.74 
454 0.88 
486 0.67 
315 0.7 
306 0.68 
579 0.74 
597 0.87 
557 0.64 
424 0.81 
528 0.61 
291 0.88 
565 0.73 
430 0.71 
416 0.76 
992 0.78 
298 0.81 
676 0.79 
484 0.72 
456 0.63 
777 0.81 
958 0.81 
869 0.8 
743 0.73 
898 0.8 
670 0.69 
769 0.86 
553 0.86 
857 0.79 
267 0.87 
672 0.75 
320 0.8 
556 0.9 
855 0.82 
944 0.82 
514 0.61 
709 0.7 
836 0.67 
238 0.8 
423 0.76 
698 0.7 
584 0.9 
432 0.72 
120 0.85 
804 0.85 
650 0.72 
238 0.79 
600 0.79 
777 0.73 
964 0.66 
745 0.61 
932 0.85 
264 0.82 
767 0.76 
134 0.86 
880 0.65 
556 0.78 
814 0.75 
721 0.89 
455 0.75 
166 0.65 
751 0.89 
403 0.86 
621 0.75 
509 0.89 
720 0.74 
612 0.87 
583 0.84 
540 0.84 
736 0.8 
740 0.72 
565 0.64 
320 0.79 
370 0.74 
220 0.75 
355 0.75 
144 0.74 
354 0.74 
363 0.89 
640 0.73 
541 0.66 
787 0.79 
184 0.88 
178 0.68 
341 0.77 
824 0.77 
451 0.85 
726 0.79 
319 0.74 
353 0.87 
832 0.8 
477 0.72 
466 0.81 
270 0.68 
653 0.75 
748 0.75 
720 0.85 
926 0.88 
968 0.87 
518 0.69 
430 0.78 
692 0.63 
498 0.77 
620 0.79 
896 0.67 
147 0.77 
897 0.79 
794 0.77 
738 0.82 
552 0.84 
474 0.81 
513 0.74 
987 0.8 
763 0.9 
713 0.88 
732 0.71 
675 0.63 
651 0.81 
615 0.86 
581 0.76 
882 0.7 
465 0.71 
145 0.82 
289 0.73 
675 0.86 
110 0.78 
509 0.85 
661 0.84 
718 0.75 
293 0.75 
484 0.84 
948 0.78 
714 0.8 
674 0.67 
648 0.7 
433 0.63 
632 0.82 
729 0.67 
571 0.76 
446 0.68 
244 0.84 
436 0.9 
765 0.79 
891 0.77 
768 0.76 
218 0.76 
461 0.67 
958 0.61 
970 0.84 
707 0.86 
837 0.87 
680 0.7 
476 0.67 
321 0.77 
767 0.82 
509 0.83 
641 0.74 
519 0.74 
487 0.88 
497 0.74 
616 0.74 
533 0.87 
704 0.74 
533 0.77 
765 0.75 
594 0.74 
521 0.77 
402 0.74 
245 0.87 
638 0.73 
700 0.89 
919 0.82 
870 0.73 
434 0.64 
200 0.89 
839 0.71 
686 0.77 
810 0.78 
951 0.88 
386 0.89 
241 0.64 
950 0.72 
478 0.83 
673 0.79 
214 0.78 
608 0.84 
502 0.66 
901 0.74 
711 0.79 
322 0.87 
351 0.78 
436 0.81 
587 0.77 
427 0.61 
720 0.79 
837 0.65 
567 0.85 
572 0.87 
823 0.7 
504 0.69 
591 0.79 
788 0.69 
217 0.72 
214 0.69 
938 0.68 
724 0.67 
385 0.7 
544 0.81 
634 0.89 
477 0.68 
808 0.79 
297 0.8 
370 0.77 
353 0.83 
539 0.89 
916 0.77 
750 0.82 
289 0.72 
317 0.66 
482 0.88 
706 0.83 
642 0.77 
262 0.74 
926 0.85 
662 0.85 
652 0.63 
704 0.75 
906 0.79 
302 0.79 
841 0.69 
310 0.73 
275 0.82 
533 0.69 
581 0.69 
927 0.64 
584 0.72 
688 0.81 
805 0.67 
794 0.81 
596 0.66 
891 0.77 
607 0.78 
440 0.7 
575 0.78 
687 0.67 
635 0.87 
649 0.67 
322 0.72 
983 0.61 
351 0.69 
457 0.68 
582 0.9 
737 0.7 
946 0.75 
638 0.69 
831 0.73 
251 0.84 
205 0.72 
730 0.63 
627 0.81 
808 0.73 
455 0.81 
588 0.63 
594 0.74 
763 0.84 
846 0.76 
435 0.88 
839 0.86 
213 0.77 
524 0.65 
818 0.61 
306 0.87 
773 0.86 
287 0.68 
244 0.71 
465 0.72 
513 0.77 
549 0.7 
524 0.89 
663 0.61 
463 0.72 
809 0.7 
742 0.7 
578 0.84 
767 0.75 
694 0.8 
624 0.77 
175 0.77 
455 0.77 
619 0.71 
925 0.88 
698 0.87 
574 0.68 
516 0.65 
306 0.9 
599 0.74 
583 0.78 
317 0.88 
333 0.9 
457 0.76 
385 0.67 
446 0.71 
185 0.71 
940 0.83 
725 0.78 
945 0.68 
793 0.88 
473 0.71 
335 0.73 
140 0.76 
395 0.88 
573 0.69 
824 0.74 
507 0.68 
453 0.75 
524 0.7 
683 0.61 
685 0.88 
609 0.68 
601 0.83 
640 0.87 
443 0.67 
453 0.82 
316 0.88 
809 0.61 
420 0.82 
380 0.71 
235 0.89 
900 0.83 
883 0.81 
288 0.79 
256 0.76 
552 0.64 
497 0.65 
688 0.83 
338 0.69 
864 0.85 
783 0.87 
538 0.84 
929 0.65 
813 0.78 
794 0.61 
813 0.75 
498 0.72 
847 0.84 
673 0.76 
475 0.69 
667 0.86 
746 0.65 
941 0.85 
330 0.85 
482 0.89 
725 0.68 
433 0.69 
304 0.65 
283 0.86 
812 0.81 
662 0.74 
643 0.81 
532 0.66 
951 0.8 
549 0.82 
639 0.8 
783 0.63 
638 0.63 
685 0.87 
190 0.82 
831 0.79 
155 0.89 
384 0.87 
723 0.9 
819 0.84 
120 0.8 
375 0.85 
229 0.79 
111 0.76 
552 0.87 
591 0.73 
488 0.63 
104 0.88 
668 0.75 
921 0.78 
693 0.76 
780 0.62 
504 0.78 
624 0.69 
294 0.69 
343 0.68 
651 0.75 
436 0.75 
189 0.88 
517 0.77 
723 0.66 
315 0.88 
969 0.82 
635 0.82 
429 0.75 
901 0.68 
913 0.84 
771 0.84 
546 0.67 
400 0.83 
173 0.66 
730 0.7 
407 0.86 
276 0.87 
760 0.83 
652 0.75 
622 0.87 
510 0.76 
599 0.8 
862 0.66 
582 0.66 
551 0.75 
600 0.73 
407 0.82 
538 0.72 
579 0.82 
536 0.69 
293 0.78 
571 0.75 
168 0.64 
431 0.74 
823 0.79 
265 0.85 
425 0.66 
531 0.8 
919 0.79 
647 0.78 
943 0.71 
833 0.83 
413 0.76 
306 0.76 
839 0.88 
786 0.64 
134 0.76 
736 0.74 
748 0.73 
554 0.79 
830 0.81 
873 0.73 
376 0.75 
559 0.66 
349 0.88 
502 0.62 
426 0.83 
848 0.61 
352 0.81 
561 0.8 
478 0.8 
483 0.75 
589 0.88 
467 0.76 
105 0.74 
952 0.72 
346 0.67 
561 0.88 
847 0.82 
369 0.78 
665 0.71 
966 0.69 
976 0.84 
650 0.83 
879 0.74 
678 0.81 
837 0.73 
447 0.86 
716 0.73 
855 0.86 
529 0.84 
177 0.73 
458 0.82 
593 0.71 
221 0.68 
226 0.83 
999 0.69 
315 0.75 
385 0.9 
661 0.84 
786 0.71 
852 0.71 
622 0.62 
617 0.8 
576 0.72 
186 0.88 
802 0.86 
990 0.75 
984 0.72 
647 0.76 
662 0.81 
758 0.77 
782 0.8 
692 0.8 
477 0.78 
588 0.7 
394 0.79 
874 0.68 
585 0.77 
963 0.86 
889 0.8 
564 0.89 
952 0.87 
955 0.82 
408 0.82 
878 0.73 
711 0.87 
311 0.85 
687 0.83 
860 0.62 
738 0.74 
263 0.77 
576 0.78 
380 0.61 
579 0.68 
587 0.7 
204 0.79 
397 0.7 
473 0.83 
712 0.79 
909 0.71 
471 0.8 
661 0.87 
382 0.77 
857 0.84 
447 0.88 
920 0.71 
515 0.84 
750 0.8 
733 0.62 
911 0.73 
627 0.65 
842 0.8 
646 0.7 
447 0.64 
471 0.79 
269 0.85 
585 0.68 
803 0.88 
183 0.77 
342 0.65 
971 0.71 
723 0.76 
244 0.75 
475 0.68 
818 0.87 
560 0.75 
204 0.73 
247 0.66 
188 0.74 
452 0.72 
911 0.74 
646 0.89 
624 0.74 
891 0.81 
732 0.7 
605 0.63 
835 0.86 
814 0.79 
903 0.7 
924 0.65 
285 0.75 
783 0.85 
488 0.72 
231 0.9 
562 0.84 
484 0.8 
492 0.88 
312 0.83 
515 0.69 
618 0.74 
758 0.61 
490 0.73 
269 0.81 
704 0.8 
888 0.89 
701 0.72 
912 0.64 
858 0.71 
160 0.66 
229 0.82 
444 0.86 
857 0.9 
767 0.84 
208 0.81 
461 0.76 
368 0.67 
890 0.62 
751 0.67 
444 0.87 
591 0.9 
481 0.82 
321 0.83 
768 0.72 
774 0.72 
373 0.89 
340 0.87 
862 0.81 
540 0.88 
322 0.85 
298 0.74 
966 0.81 
476 0.75 
506 0.82 
574 0.76 
671 0.78 
247 0.69 
892 0.8 
107 0.75 
677 0.86 
661 0.73 
165 0.87 
867 0.74 
844 0.86 
438 0.88 
629 0.73 
648 0.75 
778 0.82 
723 0.74 
659 0.78 
175 0.76 
595 0.76 
355 0.67 
668 0.64 
502 0.73 
294 0.7 
310 0.76 
309 0.89 
692 0.73 
963 0.75 
700 0.81 
664 0.86 
479 0.66 
471 0.74 
732 0.74 
293 0.85 
637 0.64 
483 0.8 
804 0.9 
866 0.7 
957 0.81 
799 0.89 
858 0.7 
386 0.81 
354 0.76 
433 0.69 
559 0.69 
457 0.66 
589 0.78 
590 0.73 
615 0.79 
643 0.7 
380 0.66 
979 0.68 
645 0.75 
166 0.77 
325 0.77 
908 0.82 
401 0.75 
458 0.7 
331 0.9 
251 0.84 
435 0.73 
390 0.81 
680 0.78 
551 0.63 
302 0.89 
815 0.83 
455 0.74 
448 0.71 
672 0.7 
339 0.68 
421 0.62 
589 0.76 
379 0.76 
788 0.85 
255 0.83 
687 0.77 
227 0.82 
440 0.82 
518 0.79 
534 0.68 
631 0.61 
434 0.9 
628 0.86 
452 0.88 
496 0.78 
805 0.61 
444 0.82 
994 0.62 
225 0.66 
275 0.76 
433 0.76 
672 0.75 
938 0.86 
510 0.69 
742 0.76 
376 0.77 
867 0.7 
798 0.86 
407 0.88 
446 0.8 
243 0.83 
521 0.88 
575 0.85 
409 0.68 
366 0.85 
295 0.86 
743 0.88 
427 0.74 
751 0.78 
657 0.72 
414 0.73 
802 0.63 
250 0.64 
733 0.65 
186 0.76 
296 0.65 
695 0.71 
844 0.89 
433 0.77 
361 0.82 
790 0.71 
456 0.83 
449 0.68 
944 0.78 
898 0.77 
675 0.9 
738 0.87 
581 0.8 
144 0.75 
743 0.9 
586 0.66 
830 0.67 
521 0.77 
890 0.74 
506 0.78 
263 0.81 
721 0.71 
702 0.89 
945 0.78 
653 0.79 
448 0.66 
490 0.78 
604 0.79 
920 0.73 
926 0.78 
440 0.77 
459 0.79 
393 0.61 
541 0.8 
161 0.63 
933 0.73 
403 0.61 
889 0.88 
565 0.87 
527 0.71 
263 0.82 
704 0.76 
623 0.84 
703 0.87 
641 0.61 
331 0.62 
766 0.78 
788 0.72 
475 0.68 
453 0.64 
320 0.84 
329 0.84 
267 0.88 
175 0.7 
579 0.8 
162 0.82 
513 0.64 
743 0.68 
789 0.63 
151 0.83 
595 0.83 
678 0.75 
941 0.67 
336 0.87 
741 0.89 
746 0.66 
881 0.75 
295 0.73 
652 0.84 
488 0.73 
681 0.75 
265 0.9 
686 0.79 
223 0.71 
581 0.71 
128 0.88 
277 0.65 
590 0.67 
266 0.85 
666 0.81 
583 0.84 
926 0.83 
392 0.86 
887 0.79 
858 0.86 
832 0.68 
326 0.67 
545 0.66 
838 0.72 
423 0.88 
738 0.65 
276 0.69 
620 0.72 
359 0.89 
198 0.82 
195 0.77 
723 0.89 
448 0.61 
700 0.73 
741 0.7 
739 0.61 
510 0.75 
706 0.74 
175 0.65 
503 0.83 
266 0.82 
630 0.73 
175 0.71 
763 0.84 
649 0.8 
496 0.71 
152 0.89 
774 0.88 
639 0.72 
689 0.86 
762 0.77 
465 0.74 
148 0.61 
455 0.64 
600 0.88 
378 0.89 
713 0.66 
664 0.85 
609 0.74 
896 0.82 
217 0.81 
395 0.72 
473 0.9 
581 0.89 
645 0.61 
397 0.79 
633 0.68 
858 0.88 
500 0.78 
978 0.66 
131 0.76 
612 0.83 
507 0.68 
803 0.88 
453 0.82 
936 0.76 
483 0.83 
747 0.8 
533 0.64 
383 0.72 
439 0.89 
495 0.89 
813 0.79 
539 0.87 
178 0.75 
893 0.87 
852 0.67 
836 0.68 
393 0.69 
872 0.87 
437 0.74 
513 0.7 
137 0.64 
430 0.76 
308 0.84 
674 0.86 
422 0.86 
416 0.87 
530 0.7 
930 0.76 
544 0.75 
243 0.87 
248 0.75 
707 0.76 
450 0.77 
148 0.85 
944 0.76 
994 0.75 
122 0.83 
663 0.61 
697 0.69 
795 0.87 
453 0.77 
728 0.8 
569 0.69 
150 0.78 
301 0.7 
849 0.61 
542 0.88 
607 0.81 
508 0.66 
575 0.72 
201 0.89 
643 0.7 
264 0.9 
202 0.87 
206 0.77 
569 0.69 
426 0.75 
630 0.74 
407 0.77 
342 0.89 
475 0.84 
882 0.63 
613 0.73 
794 0.9 
147 0.64 
690 0.83 
447 0.64 
565 0.64 
573 0.84 
146 0.73 
814 0.9 
909 0.75 
417 0.77 
122 0.74 
543 0.87 
106 0.74 
759 0.69 
889 0.81 
341 0.77 
490 0.68 
419 0.61 
138 0.8 
493 0.88 
417 0.85 
421 0.81 
657 0.69 
847 0.67 
544 0.86 
356 0.88 
625 0.88 
547 0.73 
400 0.78 
910 0.87 
333 0.82 
780 0.78 
255 0.63 
806 0.89 
362 0.65 
526 0.9 
591 0.82 
240 0.79 
360 0.7 
994 0.86 
217 0.89 
837 0.8 
983 0.62 
635 0.82 
821 0.75 
291 0.9 
516 0.78 
589 0.8 
603 0.76 
713 0.76 
606 0.78 
883 0.76 
764 0.67 
903 0.79 
729 0.76 
330 0.82 
474 0.8 
926 0.82 
654 0.71 
875 0.75 
638 0.65 
178 0.82 
834 0.78 
196 0.73 
344 0.81 
437 0.81 
786 0.71 
487 0.84 
697 0.7 
468 0.89 
471 0.9 
308 0.75 
428 0.82 
872 0.67 
652 0.73 
967 0.72 
943 0.82 
334 0.69 
379 0.81 
631 0.81 
404 0.72 
955 0.81 
803 0.9 
461 0.83 
533 0.63 
441 0.69 
825 0.82 
629 0.63 
557 0.83 
932 0.8 
350 0.78 
270 0.88 
288 0.87 
118 0.67 
717 0.72 
606 0.78 
404 0.79 
450 0.69 
499 0.71 
463 0.81 
790 0.78 
415 0.75 
798 0.84 
577 0.61 
416 0.72 
596 0.87 
992 0.74 
900 0.9 
771 0.87 
553 0.87 
311 0.88 
275 0.66 
694 0.79 
220 0.65 
280 0.87 
632 0.9 
256 0.77 
220 0.74 
771 0.76 
737 0.82 
251 0.9 
233 0.81 
842 0.9 
647 0.83 
644 0.73 
727 0.82 
399 0.72 
758 0.77 
825 0.72 
637 0.74 
897 0.69 
707 0.64 
688 0.69 
768 0.89 
919 0.63 
639 0.81 
557 0.88 
677 0.76 
584 0.71 
632 0.62 
257 0.9 
202 0.69 
398 0.82 
515 0.78 
431 0.66 
781 0.78 
365 0.71 
456 0.71 
101 0.81 
367 0.81 
760 0.8 
911 0.78 
130 0.85 
549 0.77 
869 0.79 
954 0.71 
498 0.61 
645 0.77 
765 0.82 
359 0.69 
586 0.87 
409 0.86 
420 0.84 
111 0.79 
916 0.71 
898 0.7 
732 0.81 
900 0.74 
120 0.83 
647 0.63 
560 0.69 
643 0.64 
906 0.68 
649 0.88 
398 0.86 
112 0.83 
625 0.71 
745 0.69 
755 0.74 
419 0.89 
262 0.89 
283 0.88 
374 0.78 
729 0.7 
802 0.82 
770 0.88 
804 0.81 
958 0.88 
667 0.78 
509 0.9 
771 0.61 
303 0.83 
277 0.82 
739 0.79 
583 0.67 
805 0.74 
305 0.9 
415 0.7 
859 0.77 
248 0.76 
428 0.87 
531 0.68 
393 0.78 
594 0.7 
554 0.65 
363 0.67 
556 0.73 
453 0.72 
850 0.64 
383 0.89 
240 0.78 
837 0.75 
649 0.87 
802 0.77 
635 0.86 
693 0.82 
825 0.79 
398 0.77 
712 0.69 
652 0.77 
795 0.75 
135 0.82 
409 0.9 
748 0.78 
269 0.64 
469 0.82 
468 0.7 
731 0.77 
772 0.77 
824 0.8 
618 0.77 
414 0.83 
618 0.87 
889 0.81 
473 0.73 
446 0.69 
255 0.83 
521 0.8 
156 0.71 
458 0.61 
739 0.68 
599 0.72 
857 0.8 
795 0.68 
588 0.76 
682 0.81 
311 0.85 
972 0.71 
364 0.77 
430 0.75 
245 0.9 
710 0.63 
599 0.82 
641 0.66 
516 0.7 
389 0.9 
456 0.81 
484 0.8 
951 0.82 
653 0.76 
172 0.65 
843 0.73 
299 0.61 
152 0.67 
597 0.86 
771 0.87 
255 0.68 
823 0.69 
587 0.86 
573 0.86 
916 0.73 
433 0.69 
626 0.77 
692 0.69 
883 0.71 
763 0.9 
614 0.72 
838 0.71 
391 0.77 
618 0.9 
569 0.73 
971 0.69 
647 0.62 
217 0.86 
762 0.65 
747 0.81 
964 0.86 
399 0.81 
408 0.87 
413 0.74 
387 0.75 
951 0.7 
385 0.81 
536 0.68 
818 0.79 
438 0.77 
743 0.68 
489 0.82 
502 0.67 
877 0.76 
535 0.75 
783 0.89 
466 0.82 
226 0.62 
988 0.82 
479 0.83 
494 0.68 
669 0.85 
837 0.79 
827 0.74 
345 0.82 
536 0.89 
771 0.81 
972 0.72 
464 0.78 
325 0.7 
553 0.82 
735 0.85 
309 0.7 
593 0.79 
317 0.75 
306 0.77 
433 0.86 
652 0.82 
843 0.69 
838 0.86 
564 0.77 
611 0.81 
641 0.82 
206 0.86 
544 0.72 
588 0.89 
384 0.76 
767 0.78 
682 0.82 
731 0.75 
371 0.8 
672 0.61 
968 0.65 
929 0.71 
355 0.78 
985 0.75 
142 0.7 
442 0.71 
708 0.74 
617 0.89 
644 0.67 
684 0.79 
608 0.88 
587 0.83 
520 0.8 
156 0.8 
702 0.69 
729 0.76 
409 0.89 
665 0.79 
581 0.74 
717 0.74 
842 0.7 
936 0.88 
999 0.81 
262 0.73 
243 0.64 
574 0.81 
656 0.9 
758 0.87 
346 0.78 
856 0.83 
355 0.86 
591 0.61 
469 0.88 
425 0.63 
737 0.89 
184 0.79 
819 0.65 
927 0.76 
786 0.65 
362 0.64 
769 0.72 
352 0.73 
482 0.86 
596 0.69 
731 0.68 
775 0.71 
593 0.81 
974 0.65 
420 0.82 
355 0.78 
991 0.78 
896 0.62 
625 0.72 
151 0.85 
630 0.77 
657 0.63 
254 0.85 
428 0.79 
330 0.83 
392 0.72 
324 0.81 
863 0.77 
318 0.74 
111 0.63 
440 0.79 
865 0.82 
677 0.84 
451 0.62 
447 0.7 
799 0.77 
302 0.64 
699 0.83 
543 0.9 
828 0.7 
503 0.83 
866 0.82 
554 0.74 
801 0.75 
618 0.88 
822 0.89 
989 0.67 
197 0.86 
459 0.88 
683 0.85 
558 0.82 
782 0.88 
335 0.75 
374 0.86 
528 0.85 
637 0.73 
964 0.83 
563 0.9 
691 0.83 
911 0.81 
671 0.82 
825 0.83 
870 0.69 
683 0.79 
453 0.79 
344 0.69 
821 0.69 
616 0.9 
400 0.74 
144 0.67 
672 0.78 
355 0.68 
892 0.72 
985 0.68 
435 0.61 
382 0.62 
644 0.86 
727 0.88 
766 0.79 
740 0.75 
201 0.87 
308 0.77 
382 0.65 
604 0.84 
775 0.77 
432 0.76 
283 0.84 
772 0.67 
238 0.84 
600 0.85 
578 0.66 
320 0.87 
700 0.75 
610 0.69 
379 0.89 
658 0.7 
125 0.77 
492 0.74 
722 0.61 
477 0.74 
172 0.64 
974 0.9 
643 0.86 
860 0.69 
970 0.75 
488 0.82 
626 0.87 
700 0.68 
151 0.77 
800 0.75 
996 0.65 
884 0.86 
676 0.83 
341 0.83 
509 0.85 
683 0.73 
181 0.77 
808 0.79 
671 0.72 
727 0.8 
358 0.73 
615 0.72 
612 0.72 
754 0.82 
933 0.87 
253 0.76 
688 0.86 
276 0.69 
849 0.73 
563 0.72 
623 0.87 
455 0.8 
710 0.63 
828 0.71 
651 0.7 
695 0.63 
381 0.83 
742 0.81 
207 0.81 
523 0.71 
287 0.87 
708 0.78 
626 0.74 
262 0.86 
173 0.88 
384 0.69 
329 0.86 
948 0.72 
577 0.61 
663 0.77 
864 0.78 
351 0.83 
473 0.78 
414 0.85 
767 0.88 
825 0.72 
793 0.73 
265 0.75 
540 0.75 
618 0.78 
499 0.82 
845 0.81 
995 0.89 
248 0.83 
283 0.84 
904 0.89 
624 0.88 
875 0.82 
821 0.78 
809 0.64 
820 0.77 
512 0.69 
347 0.74 
752 0.67 
569 0.86 
611 0.85 
917 0.79 
179 0.82 
538 0.85 
918 0.81 
734 0.68 
186 0.85 
773 0.75 
791 0.77 
400 0.9 
569 0.82 
719 0.68 
778 0.66 
273 0.77 
852 0.85 
424 0.63 
887 0.72 
921 0.83 
627 0.69 
354 0.8 
973 0.65 
184 0.71 
935 0.79 
464 0.81 
752 0.9 
472 0.85 
118 0.67 
520 0.65 
256 0.71 
836 0.74 
445 0.65 
212 0.88 
268 0.86 
461 0.67 
326 0.79 
521 0.79 
848 0.77 
613 0.82 
635 0.8 
695 0.87 
376 0.75 
797 0.85 
600 0.84 
859 0.79 
763 0.61 
790 0.78 
613 0.78 
561 0.72 
822 0.76 
945 0.81 
452 0.75 
876 0.85 
304 0.74 
658 0.67 
196 0.9 
819 0.67 
472 0.89 
625 0.73 
659 0.81 
187 0.64 
508 0.64 
620 0.9 
877 0.89 
376 0.77 
142 0.89 
808 0.62 
119 0.69 
466 0.81 
878 0.78 
884 0.75 
426 0.7 
395 0.69 
467 0.63 
279 0.89 
640 0.7 
250 0.85 
383 0.8 
472 0.8 
136 0.7 
365 0.88 
394 0.67 
824 0.67 
393 0.67 
300 0.74 
793 0.64 
964 0.74 
921 0.82 
512 0.71 
920 0.74 
930 0.68 
890 0.86 
571 0.86 
245 0.77 
762 0.74 
492 0.67 
287 0.77 
757 0.88 
359 0.74 
153 0.89 
509 0.81 
840 0.84 
693 0.73 
359 0.79 
577 0.73 
298 0.87 
448 0.66 
834 0.73 
862 0.85 
855 0.74 
656 0.76 
871 0.7 
485 0.65 
266 0.79 
787 0.71 
259 0.85 
698 0.68 
866 0.84 
370 0.65 
586 0.65 
554 0.81 
306 0.74 
446 0.76 
461 0.86 
213 0.73 
384 0.86 
404 0.9 
213 0.74 
878 0.64 
997 0.75 
842 0.85 
467 0.73 
842 0.63 
602 0.71 
541 0.78 
451 0.84 
622 0.85 
593 0.78 
607 0.81 
587 0.77 
580 0.62 
104 0.76 
222 0.89 
734 0.8 
320 0.85 
330 0.81 
229 0.82 
646 0.77 
644 0.83 
617 0.73 
651 0.8 
705 0.75 
269 0.72 
480 0.65 
454 0.62 
388 0.9 
268 0.71 
601 0.62 
586 0.77 
377 0.61 
461 0.65 
728 0.78 
915 0.76 
749 0.74 
440 0.83 
300 0.75 
401 0.82 
358 0.71 
611 0.71 
642 0.86 
578 0.87 
851 0.9 
992 0.8 
686 0.66 
928 0.69 
454 0.84 
350 0.77 
891 0.69 
528 0.67 
260 0.73 
836 0.8 
367 0.77 
234 0.79 
666 0.63 
220 0.87 
341 0.77 
667 0.88 
810 0.75 
578 0.86 
951 0.88 
519 0.89 
808 0.87 
507 0.63 
707 0.64 
268 0.69 
901 0.78 
799 0.63 
685 0.75 
399 0.81 
857 0.84 
360 0.75 
379 0.87 
815 0.77 
530 0.76 
561 0.68 
705 0.82 
571 0.79 
616 0.86 
291 0.69 
116 0.7 
650 0.79 
671 0.7 
550 0.9 
216 0.73 
354 0.66 
112 0.77 
644 0.89 
187 0.79 
689 0.8 
698 0.83 
384 0.76 
968 0.82 
837 0.84 
439 0.61 
860 0.65 
697 0.86 
310 0.72 
414 0.86 
262 0.78 
912 0.88 
308 0.72 
422 0.85 
564 0.69 
649 0.67 
599 0.84 
517 0.74 
495 0.75 
583 0.78 
462 0.69 
550 0.71 
470 0.83 
451 0.71 
167 0.79 
757 0.89 
155 0.66 
547 0.87 
650 0.61 
738 0.84 
713 0.79 
769 0.7 
694 0.78 
843 0.75 
642 0.86 
769 0.87 
893 0.71 
877 0.73 
560 0.83 
882 0.89 
471 0.62 
318 0.84 
574 0.82 
497 0.9 
842 0.8 
356 0.82 
549 0.86 
494 0.86 
520 0.71 
595 0.73 
521 0.78 
658 0.84 
824 0.71 
726 0.79 
926 0.83 
494 0.85 
650 0.87 
564 0.77 
346 0.69 
668 0.77 
750 0.81 
295 0.9 
517 0.86 
506 0.8 
896 0.83 
660 0.85 
590 0.76 
621 0.63 
857 0.89 
628 0.67 
852 0.74 
179 0.85 
688 0.89 
409 0.87 
409 0.68 
283 0.76 
769 0.69 
749 0.78 
137 0.74 
560 0.61 
747 0.83 
673 0.62 
725 0.78 
892 0.69 
264 0.89 
748 0.86 
889 0.82 
787 0.88 
848 0.83 
878 0.75 
456 0.63 
406 0.89 
388 0.69 
237 0.81 
663 0.86 
871 0.89 
359 0.85 
534 0.78 
650 0.73 
178 0.62 
580 0.69 
532 0.82 
819 0.68 
617 0.73 
820 0.7 
492 0.76 
666 0.73 
511 0.9 
814 0.66 
667 0.82 
520 0.67 
525 0.75 
262 0.74 
914 0.62 
587 0.81 
493 0.79 
720 0.89 
882 0.66 
246 0.83 
549 0.89 
775 0.63 
467 0.7 
498 0.76 
154 0.72 
226 0.86 
856 0.81 
682 0.74 
206 0.8 
201 0.83 
683 0.77 
873 0.88 
601 0.86 
367 0.83 
264 0.75 
312 0.86 
550 0.62 
759 0.79 
732 0.8 
342 0.82 
825 0.7 
779 0.8 
824 0.79 
718 0.88 
575 0.83 
594 0.78 
847 0.68 
819 0.84 
380 0.71 
710 0.78 
388 0.88 
518 0.76 
902 0.8 
681 0.61 
473 0.78 
674 0.84 
921 0.74 
834 0.63 
403 0.61 
644 0.77 
900 0.83 
519 0.82 
746 0.88 
715 0.75 
702 0.8 
842 0.84 
714 0.78 
937 0.9 
662 0.87 
874 0.84 
530 0.87 
661 0.68 
318 0.87 
440 0.89 
660 0.75 
672 0.84 
441 0.9 
525 0.8 
764 0.8 
613 0.89 
193 0.67 
371 0.76 
274 0.78 
904 0.67 
215 0.83 
182 0.75 
344 0.8 
381 0.64 
561 0.77 
344 0.69 
288 0.71 
918 0.79 
998 0.63 
325 0.83 
484 0.74 
468 0.88 
648 0.64 
373 0.83 
589 0.8 
717 0.81 
390 0.76 
558 0.76 
722 0.75 
532 0.63 
546 0.9 
508 0.74 
744 0.84 
557 0.87 
272 0.84 
845 0.87 
712 0.86 
441 0.81 
754 0.7 
945 0.82 
620 0.75 
795 0.89 
450 0.78 
443 0.89 
747 0.69 
735 0.66 
452 0.75 
379 0.77 
836 0.72 
875 0.7 
837 0.63 
612 0.86 
503 0.83 
563 0.8 
783 0.87 
444 0.9 
953 0.69 
639 0.69 
518 0.8 
284 0.9 
349 0.71 
411 0.62 
208 0.61 
600 0.77 
724 0.87 
213 0.76 
686 0.8 
689 0.89 
690 0.62 
329 0.88 
991 0.71 
306 0.88 
582 0.78 
338 0.76 
190 0.84 
209 0.81 
463 0.8 
621 0.88 
829 0.73 
775 0.87 
637 0.82 
349 0.85 
268 0.89 
258 0.85 
700 0.89 
743 0.87 
396 0.77 
339 0.77 
604 0.82 
725 0.83 
624 0.85 
638 0.88 
546 0.78 
454 0.82 
584 0.88 
926 0.68 
315 0.71 
356 0.76 
384 0.7 
671 0.71 
665 0.74 
796 0.78 
141 0.86 
157 0.77 
461 0.8 
345 0.64 
892 0.78 
734 0.76 
721 0.82 
522 0.65 
709 0.78 
529 0.88 
586 0.68 
483 0.71 
524 0.75 
442 0.7 
237 0.81 
371 0.74 
486 0.75 
130 0.78 
656 0.85 
998 0.78 
640 0.67 
506 0.8 
726 0.78 
242 0.67 
660 0.78 
389 0.89 
851 0.64 
521 0.66 
535 0.71 
781 0.63 
401 0.81 
306 0.79 
542 0.79 
438 0.85 
238 0.77 
557 0.9 
528 0.86 
796 0.88 
800 0.87 
758 0.85 
717 0.74 
889 0.73 
512 0.89 
979 0.89 
333 0.64 
382 0.89 
400 0.7 
378 0.79 
567 0.68 
980 0.79 
471 0.76 
717 0.85 
212 0.82 
137 0.63 
819 0.74 
557 0.63 
466 0.76 
622 0.68 
754 0.77 
311 0.74 
330 0.63 
505 0.82 
959 0.7 
424 0.86 
536 0.7 
881 0.75 
605 0.62 
500 0.69 
1000 0.7 
455 0.9 
736 0.69 
271 0.71 
479 0.73 
334 0.84 
668 0.89 
674 0.79 
487 0.79 
166 0.76 
606 0.85 
600 0.78 
329 0.89 
606 0.83 
564 0.64 
251 0.78 
906 0.9 
642 0.71 
565 0.74 
431 0.79 
821 0.67 
592 0.87 
449 0.81 
455 0.83 
125 0.77 
512 0.7 
140 0.62 
609 0.65 
780 0.88 
856 0.68 
219 0.82 
367 0.88 
866 0.9 
879 0.89 
872 0.66 
331 0.64 
535 0.77 
831 0.87 
695 0.74 
540 0.67 
572 0.75 
702 0.78 
752 0.67 
244 0.66 
419 0.74 
846 0.81 
394 0.78 
410 0.61 
385 0.68 
317 0.73 
429 0.81 
705 0.87 
355 0.73 
874 0.88 
655 0.82 
445 0.78 
831 0.85 
961 0.87 
478 0.74 
295 0.74 
658 0.86 
889 0.73 
484 0.87 
447 0.76 
612 0.86 
710 0.86 
703 0.74 
690 0.77 
673 0.73 
433 0.75 
448 0.71 
448 0.86 
400 0.7 
184 0.86 
454 0.69 
622 0.71 
757 0.76 
1000 0.85 
809 0.82 
497 0.81 
755 0.66 
631 0.72 
510 0.68 
966 0.66 
360 0.69 
535 0.77 
907 0.78 
783 0.88 
721 0.64 
120 0.86 
468 0.79 
651 0.88 
554 0.77 
908 0.85 
588 0.75 
254 0.67 
749 0.64 
568 0.86 
614 0.76 
524 0.74 
673 0.61 
598 0.64 
763 0.77 
303 0.82 
515 0.75 
130 0.69 
505 0.88 
118 0.64 
720 0.8 
578 0.71 
341 0.66 
425 0.78 
445 0.78 
599 0.76 
889 0.75 
370 0.74 
680 0.74 
843 0.75 
695 0.9 
789 0.76 
680 0.78 
299 0.87 
501 0.65 
322 0.89 
931 0.73 
687 0.79 
569 0.75 
972 0.83 
356 0.71 
586 0.81 
910 0.8 
720 0.68 
597 0.7 
863 0.72 
665 0.79 
743 0.89 
517 0.71 
880 0.85 
385 0.84 
771 0.88 
828 0.8 
671 0.65 
318 0.83 
173 0.69 
674 0.67 
897 0.79 
401 0.69 
863 0.89 
416 0.76 
402 0.83 
705 0.64 
577 0.88 
834 0.81 
152 0.76 
445 0.74 
629 0.7 
